; ENVI/IDL output - synthetic NIRS
; Wavelength S000 S001 S002 S003 S004
1100.00  0.0367  0.0119  -0.1638  0.1292  0.0524
1107.04  -0.0076  0.0819  -0.0891  -0.1026  -0.0220
1114.07  0.0234  0.1895  0.0249  0.0476  -0.0094
1121.11  0.1584  0.0795  0.0147  0.1470  -0.0565
1128.14  -0.0007  -0.2043  -0.0062  0.1396  0.0202
1135.18  -0.0127  -0.0620  0.0099  0.2046  0.0341
1142.21  0.1811  0.0917  -0.1235  -0.0953  0.0084
1149.25  0.0988  0.0520  -0.0252  -0.2005  -0.0790
1156.28  -0.1350  0.0241  0.0353  -0.1883  0.0830
1163.32  0.0869  0.4357  0.0125  0.1620  -0.0540
1170.35  -0.0789  0.0844  0.1179  0.0470  -0.0278
1177.39  -0.1000  0.0764  -0.0519  -0.0876  -0.0617
1184.42  -0.0291  0.0996  -0.2012  -0.0128  0.1061
1191.46  -0.1671  -0.0002  0.1055  -0.0376  -0.0160
1198.49  -0.1803  0.0058  0.0096  0.3193  0.1229
1205.53  -0.1360  0.0667  0.0607  -0.0275  -0.2095
1212.56  -0.0717  -0.0939  0.1387  0.0497  0.0828
1219.60  -0.0332  -0.0187  0.1020  0.0203  0.0704
1226.63  -0.0744  -0.0380  0.0630  0.1268  0.0112
1233.67  -0.1173  0.0638  -0.0320  0.0455  0.0530
1240.70  0.2060  0.2747  0.1853  -0.0179  -0.0355
1247.74  0.0855  -0.1773  0.1502  -0.0215  0.1457
1254.77  -0.0378  0.1282  -0.0172  0.2434  0.2537
1261.81  -0.1159  -0.1148  0.0878  0.1605  0.0698
1268.84  -0.0325  -0.0361  0.0555  0.2342  0.0041
1275.88  0.0762  0.1420  0.2336  0.0338  0.1540
1282.91  -0.0519  0.0465  0.0115  -0.0484  0.1807
1289.95  0.0827  -0.0257  0.1721  0.0140  0.0473
1296.98  -0.0076  -0.0224  0.1986  0.1118  0.1058
1304.02  0.0029  0.1280  -0.0928  0.1857  0.0837
1311.06  0.0920  0.1185  -0.0515  -0.1202  0.0143
1318.09  0.3274  0.1767  -0.1452  0.2145  0.0713
1325.13  0.1818  0.0909  0.1138  0.0342  0.1233
1332.16  0.0356  0.1055  0.1531  0.0734  0.0003
1339.20  0.2273  0.3815  0.2593  0.1144  0.2278
1346.23  0.0242  0.2643  0.2437  0.0240  0.2953
1353.27  0.2623  0.0068  0.4574  0.2575  0.3368
1360.30  -0.0003  0.3025  0.1027  0.2710  0.1314
1367.34  0.2318  0.1977  0.1279  0.0750  0.3588
1374.37  0.2513  0.3512  0.2472  0.1432  0.2726
1381.41  0.4090  0.2641  0.2584  0.2475  0.3286
1388.44  0.4408  0.3130  0.3355  0.5174  0.4638
1395.48  0.3864  0.3900  0.1502  0.2272  0.3405
1402.51  0.3679  0.4549  0.3421  0.1584  0.5254
1409.55  0.2123  0.2454  0.2221  0.2621  0.4293
1416.58  0.2844  0.3525  0.4948  0.3436  0.4804
1423.62  0.4321  0.3215  0.3798  0.1876  0.5839
1430.65  0.6319  0.3056  0.2697  0.3761  0.7796
1437.69  0.4712  0.5423  0.3077  0.3653  0.4509
1444.72  0.2300  0.3906  0.3118  0.5312  0.4860
1451.76  0.3736  0.2504  0.3536  0.6571  0.4526
1458.79  0.3739  0.5011  0.4732  0.5246  0.4842
1465.83  0.3819  0.6298  0.2725  0.4181  0.4260
1472.86  0.5868  0.4935  0.4352  0.2376  0.6283
1479.90  0.5697  0.1225  0.2590  0.7168  0.5483
1486.93  0.5257  0.4084  0.2976  0.4899  0.3729
1493.97  0.2953  0.5427  0.4080  0.3876  0.3271
1501.01  0.3188  0.2948  0.2414  0.2352  0.4500
1508.04  0.4603  0.4631  0.3402  0.3139  0.2956
1515.08  0.4411  0.3308  0.2446  0.3171  0.4078
1522.11  0.1563  0.2820  0.5115  0.2007  0.2888
1529.15  0.2325  0.2037  0.2614  0.2658  0.1927
1536.18  0.1065  -0.0766  0.1633  0.2608  0.4400
1543.22  0.0888  0.0474  0.2700  0.1230  0.3566
1550.25  0.3214  0.1676  0.1584  0.1216  0.1329
1557.29  0.3196  0.0661  0.0528  0.1368  0.1887
1564.32  0.1567  0.3075  0.2358  0.1168  0.1881
1571.36  0.3137  0.0264  0.1510  0.2559  0.1629
1578.39  0.1304  0.0778  0.0140  -0.0900  0.2057
1585.43  0.1407  0.0884  0.0424  0.3160  0.3428
1592.46  0.0992  0.2033  0.0540  0.1402  0.0180
1599.50  0.2412  -0.0279  -0.2267  -0.2286  0.0400
1606.53  0.0533  0.1479  -0.0799  0.0175  -0.0990
1613.57  0.2232  0.1017  0.2391  -0.0584  -0.0066
1620.60  -0.1880  0.0099  0.1543  -0.0918  0.0525
1627.64  0.1483  0.0030  0.0783  -0.0003  0.2025
1634.67  0.0095  0.1114  0.0140  -0.0016  -0.0601
1641.71  -0.0522  0.0737  0.1672  0.2159  0.0458
1648.74  0.1649  0.0473  0.3146  0.1115  0.1136
1655.78  -0.1945  0.0172  0.1446  0.0539  0.0824
1662.81  0.0404  0.0881  -0.0829  0.0982  0.3678
1669.85  -0.0171  0.0774  -0.0741  -0.0845  -0.0354
1676.88  0.1625  0.1937  -0.1236  0.0054  -0.0152
1683.92  -0.0272  -0.1615  0.0437  0.0414  0.0845
1690.95  -0.0230  0.2512  -0.0732  -0.1131  0.0677
1697.99  -0.1477  -0.1354  -0.1551  0.0322  0.2024
1705.03  0.1438  0.0505  0.0311  -0.0989  0.0551
1712.06  0.0259  0.1579  -0.0615  -0.0473  0.0099
1719.10  0.0215  0.0422  0.2978  0.0452  0.1036
1726.13  0.0667  -0.0280  0.1218  0.1219  0.2782
1733.17  0.0444  0.1441  0.0466  0.0079  0.1099
1740.20  0.1721  0.0238  0.2682  0.1693  0.1548
1747.24  -0.0210  0.0433  0.0175  -0.0654  0.2324
1754.27  0.0596  0.1869  -0.0431  0.0048  0.1927
1761.31  0.0330  0.1141  0.3249  0.2537  0.3193
1768.34  -0.0889  0.1470  0.1284  0.0536  0.2109
1775.38  0.2483  0.2156  -0.0449  0.1634  0.0453
1782.41  0.1492  0.1446  0.2421  -0.0284  0.2567
1789.45  0.2009  0.2484  0.0296  0.3299  0.2977
1796.48  0.2463  0.1732  0.0781  0.1981  0.1242
1803.52  0.0838  0.1166  0.3247  0.1375  0.3562
1810.55  0.1979  0.1504  0.3014  0.3390  0.2562
1817.59  0.2843  0.3840  0.1210  0.2907  0.3907
1824.62  0.3097  0.3300  0.3769  0.1569  0.5601
1831.66  0.2868  0.3697  0.2752  0.1613  0.3890
1838.69  0.4220  0.4341  0.3437  0.3646  0.4772
1845.73  0.5188  0.5444  0.2934  0.1533  0.2900
1852.76  0.4421  0.3326  0.3457  0.5683  0.6806
1859.80  0.4987  0.4887  0.3910  0.2332  0.5542
1866.83  0.4471  0.3541  0.2903  0.6733  0.8210
1873.87  0.3076  0.4447  0.4283  0.3799  0.5926
1880.90  0.4728  0.5614  0.4090  0.4265  0.6451
1887.94  0.5775  0.6315  0.5332  0.4286  0.6230
1894.97  0.8864  0.7421  0.3577  0.5696  0.8037
1902.01  0.5306  0.7034  0.4957  0.5346  0.5556
1909.05  0.6186  0.4638  0.6152  0.6632  0.7285
1916.08  0.6533  0.6224  0.6087  0.6017  0.7811
1923.12  0.5845  0.5556  0.5423  0.5480  0.7383
1930.15  0.6864  0.6228  0.5653  0.5939  0.5264
1937.19  0.7164  0.5391  0.6856  0.6021  0.6790
1944.22  0.7426  0.6103  0.4145  0.6007  0.7925
1951.26  0.5498  0.5825  0.6232  0.4917  0.6306
1958.29  0.6556  0.4500  0.6192  0.5197  0.7390
1965.33  0.5143  0.8118  0.5468  0.6889  0.6219
1972.36  0.7514  0.4074  0.5386  0.4226  0.8376
1979.40  0.8263  0.4504  0.3891  0.6032  0.4656
1986.43  0.4329  0.5760  0.3341  0.5681  0.6239
1993.47  0.4811  0.6778  0.5891  0.6434  0.6883
2000.50  0.6397  0.5141  0.4166  0.4962  0.7777
2007.54  0.5126  0.5204  0.3453  0.4679  0.5600
2014.57  0.3691  0.4612  0.4427  0.5076  0.5837
2021.61  0.4905  0.3041  0.2703  0.3899  0.7312
2028.64  0.2995  0.4123  0.3294  0.5364  0.2950
2035.68  0.4486  0.3336  0.2676  0.2116  0.2501
2042.71  0.2877  0.4930  0.2678  0.3703  0.5084
2049.75  0.5384  0.3473  0.2984  0.3530  0.3164
2056.78  0.3258  0.2066  0.2267  0.3416  0.3180
2063.82  0.3257  0.2341  0.2177  0.3745  0.4260
2070.85  0.2865  0.4089  0.2927  0.3534  0.2145
2077.89  0.1394  0.2188  0.3067  0.2466  0.2382
2084.92  0.2872  0.0779  0.2623  -0.0158  0.1049
2091.96  0.3668  0.2153  -0.0407  0.0975  0.3424
2098.99  -0.0080  0.1746  0.1752  0.1827  0.3171
2106.03  0.3288  0.0917  0.2278  0.1970  0.1831
2113.07  0.1089  0.0244  -0.0748  0.2371  0.4313
2120.10  0.1546  0.1210  0.0530  0.0412  0.0294
2127.14  0.0043  0.0511  0.1814  0.0365  0.0081
2134.17  0.0777  -0.0176  0.0540  -0.0045  0.0867
2141.21  0.1041  -0.1115  0.1068  0.0105  0.0949
2148.24  0.1023  0.1173  -0.0023  -0.0880  0.1588
2155.28  0.1595  0.1586  0.0765  -0.0169  0.0358
2162.31  0.1119  0.2004  0.0960  -0.0426  0.1011
2169.35  -0.0058  0.1931  0.2040  0.0163  -0.1029
2176.38  0.1347  0.0164  0.1247  0.1665  0.2490
2183.42  0.1340  0.0571  0.1400  -0.1080  0.1094
2190.45  0.0830  0.0679  0.0949  0.3320  0.2852
2197.49  0.3699  0.0922  0.0717  0.1587  0.2060
2204.52  0.2012  0.0031  0.0983  0.2046  0.1856
2211.56  0.0573  0.1757  0.2433  0.0318  0.1781
2218.59  0.2645  0.0838  0.0926  0.2654  0.2757
2225.63  0.1436  0.3081  0.1795  0.1524  0.3608
2232.66  0.3277  0.3771  0.3680  0.2365  0.4447
2239.70  0.3915  0.2178  0.3423  0.5513  0.3806
2246.73  0.2813  0.3674  0.1456  0.2312  0.3981
2253.77  0.5005  0.3726  0.4363  0.3824  0.3331
2260.80  0.3147  0.2384  0.2650  0.2438  0.4953
2267.84  0.4463  0.4096  0.1774  0.2925  0.3341
2274.87  0.5271  0.3478  0.1975  0.5380  0.5899
2281.91  0.3329  0.3479  0.1357  0.2382  0.4214
2288.94  0.3117  0.2641  0.3485  0.5237  0.2588
2295.98  0.2986  0.2697  0.3870  0.3852  0.4001
2303.02  0.2478  0.3269  0.4326  0.2567  0.2658
2310.05  0.2073  0.4268  0.3191  0.3206  0.4769
2317.09  0.2685  0.3422  0.2451  0.3353  0.2530
2324.12  0.3245  0.5073  0.3266  0.2944  0.2271
2331.16  0.1661  0.1338  -0.0376  0.0519  0.0189
2338.19  0.2496  0.3011  0.2562  0.0975  0.0984
2345.23  0.3302  0.1627  0.1243  0.2038  -0.0003
2352.26  0.1702  0.3903  -0.0521  0.0611  0.0149
2359.30  0.3678  0.0348  0.2311  0.1542  0.1125
2366.33  0.0432  -0.0074  0.1314  0.0146  0.2099
2373.37  0.0008  -0.0017  0.0841  -0.0563  0.1610
2380.40  0.0061  -0.2153  0.1674  0.0269  -0.0354
2387.44  0.1314  0.0062  0.2458  0.0805  0.1162
2394.47  -0.0284  -0.0534  0.1073  0.0618  0.0406
2401.51  0.0951  0.0075  0.0064  0.1396  -0.1651
2408.54  0.0343  0.1019  0.0128  0.0681  0.1838
2415.58  -0.0388  0.1336  0.0139  0.0246  0.1105
2422.61  -0.0305  0.0797  0.1495  0.0705  -0.0452
2429.65  -0.2071  -0.0025  -0.0766  -0.1481  0.0361
2436.68  -0.0866  -0.0716  -0.0070  0.0174  -0.0595
2443.72  0.0322  0.0484  -0.1226  0.0098  -0.1527
2450.75  -0.0520  -0.1185  0.0644  0.1104  -0.0674
2457.79  -0.1166  0.1927  -0.0218  -0.1388  -0.1167
2464.82  0.0758  0.0425  0.0645  -0.1422  -0.1054
2471.86  0.0295  -0.0642  -0.1103  0.0713  -0.0062
2478.89  -0.1635  -0.0904  -0.0499  -0.0313  0.1881
2485.93  0.0574  0.1025  -0.0992  0.0385  0.0270
2492.96  0.0901  -0.0273  -0.0307  -0.0611  -0.0824
2500.00  -0.1466  0.0967  0.0077  -0.0532  0.0006
