WinISI II Calibration Export - synthetic
Number of samples: 50
Number of wavelengths: 200
Wavelength range (nm): 1100-2500

Wavelengths:
1100.0 1107.0 1114.1 1121.1 1128.1 1135.2 1142.2 1149.2 1156.3 1163.3 1170.4 1177.4 1184.4 1191.5 1198.5 1205.5 1212.6 1219.6 1226.6 1233.7 1240.7 1247.7 1254.8 1261.8 1268.8 1275.9 1282.9 1289.9 1297.0 1304.0 1311.1 1318.1 1325.1 1332.2 1339.2 1346.2 1353.3 1360.3 1367.3 1374.4 1381.4 1388.4 1395.5 1402.5 1409.5 1416.6 1423.6 1430.7 1437.7 1444.7 1451.8 1458.8 1465.8 1472.9 1479.9 1486.9 1494.0 1501.0 1508.0 1515.1 1522.1 1529.1 1536.2 1543.2 1550.3 1557.3 1564.3 1571.4 1578.4 1585.4 1592.5 1599.5 1606.5 1613.6 1620.6 1627.6 1634.7 1641.7 1648.7 1655.8 1662.8 1669.8 1676.9 1683.9 1691.0 1698.0 1705.0 1712.1 1719.1 1726.1 1733.2 1740.2 1747.2 1754.3 1761.3 1768.3 1775.4 1782.4 1789.4 1796.5 1803.5 1810.6 1817.6 1824.6 1831.7 1838.7 1845.7 1852.8 1859.8 1866.8 1873.9 1880.9 1887.9 1895.0 1902.0 1909.0 1916.1 1923.1 1930.2 1937.2 1944.2 1951.3 1958.3 1965.3 1972.4 1979.4 1986.4 1993.5 2000.5 2007.5 2014.6 2021.6 2028.6 2035.7 2042.7 2049.7 2056.8 2063.8 2070.9 2077.9 2084.9 2092.0 2099.0 2106.0 2113.1 2120.1 2127.1 2134.2 2141.2 2148.2 2155.3 2162.3 2169.3 2176.4 2183.4 2190.5 2197.5 2204.5 2211.6 2218.6 2225.6 2232.7 2239.7 2246.7 2253.8 2260.8 2267.8 2274.9 2281.9 2288.9 2296.0 2303.0 2310.1 2317.1 2324.1 2331.2 2338.2 2345.2 2352.3 2359.3 2366.3 2373.4 2380.4 2387.4 2394.5 2401.5 2408.5 2415.6 2422.6 2429.6 2436.7 2443.7 2450.8 2457.8 2464.8 2471.9 2478.9 2485.9 2493.0 2500.0

Sample_ID Protein P1 P2 P3 P4 P5 P6 P7 P8 P9 P10 P11 P12 P13 P14 P15 P16 P17 P18 P19 P20 P21 P22 P23 P24 P25 P26 P27 P28 P29 P30 P31 P32 P33 P34 P35 P36 P37 P38 P39 P40 P41 P42 P43 P44 P45 P46 P47 P48 P49 P50 P51 P52 P53 P54 P55 P56 P57 P58 P59 P60 P61 P62 P63 P64 P65 P66 P67 P68 P69 P70 P71 P72 P73 P74 P75 P76 P77 P78 P79 P80 P81 P82 P83 P84 P85 P86 P87 P88 P89 P90 P91 P92 P93 P94 P95 P96 P97 P98 P99 P100 P101 P102 P103 P104 P105 P106 P107 P108 P109 P110 P111 P112 P113 P114 P115 P116 P117 P118 P119 P120 P121 P122 P123 P124 P125 P126 P127 P128 P129 P130 P131 P132 P133 P134 P135 P136 P137 P138 P139 P140 P141 P142 P143 P144 P145 P146 P147 P148 P149 P150 P151 P152 P153 P154 P155 P156 P157 P158 P159 P160 P161 P162 P163 P164 P165 P166 P167 P168 P169 P170 P171 P172 P173 P174 P175 P176 P177 P178 P179 P180 P181 P182 P183 P184 P185 P186 P187 P188 P189 P190 P191 P192 P193 P194 P195 P196 P197 P198 P199 P200
S000 10.532 0.03674 -0.00756 0.02342 0.15841 -0.00073 -0.01273 0.18108 0.09883 -0.13499 0.08685 -0.07886 -0.09997 -0.02915 -0.16715 -0.18031 -0.13597 -0.07171 -0.03322 -0.07439 -0.11731 0.20600 0.08551 -0.03784 -0.11592 -0.03250 0.07624 -0.05189 0.08269 -0.00758 0.00285 0.09196 0.32742 0.18184 0.03560 0.22732 0.02417 0.26232 -0.00035 0.23183 0.25126 0.40898 0.44077 0.38643 0.36793 0.21226 0.28439 0.43212 0.63189 0.47121 0.22999 0.37364 0.37391 0.38189 0.58681 0.56971 0.52572 0.29527 0.31883 0.46029 0.44115 0.15632 0.23249 0.10651 0.08878 0.32144 0.31957 0.15675 0.31367 0.13035 0.14069 0.09921 0.24123 0.05331 0.22320 -0.18801 0.14828 0.00953 -0.05216 0.16490 -0.19452 0.04043 -0.01712 0.16253 -0.02724 -0.02299 -0.14774 0.14384 0.02594 0.02152 0.06673 0.04436 0.17214 -0.02096 0.05962 0.03303 -0.08890 0.24828 0.14915 0.20090 0.24629 0.08383 0.19790 0.28430 0.30973 0.28682 0.42197 0.51877 0.44205 0.49867 0.44715 0.30757 0.47275 0.57746 0.88641 0.53061 0.61857 0.65328 0.58449 0.68643 0.71645 0.74263 0.54981 0.65561 0.51431 0.75145 0.82630 0.43292 0.48110 0.63970 0.51256 0.36911 0.49055 0.29950 0.44857 0.28769 0.53838 0.32578 0.32572 0.28654 0.13941 0.28717 0.36683 -0.00805 0.32883 0.10892 0.15465 0.00429 0.07775 0.10412 0.10228 0.15951 0.11194 -0.00580 0.13465 0.13402 0.08303 0.36993 0.20124 0.05727 0.26448 0.14360 0.32769 0.39150 0.28131 0.50053 0.31470 0.44630 0.52709 0.33292 0.31173 0.29858 0.24777 0.20735 0.26848 0.32453 0.16607 0.24958 0.33019 0.17018 0.36779 0.04322 0.00082 0.00614 0.13143 -0.02844 0.09514 0.03433 -0.03884 -0.03055 -0.20714 -0.08660 0.03219 -0.05201 -0.11658 0.07579 0.02952 -0.16354 0.05745 0.09015 -0.14659
S001 10.709 0.01188 0.08190 0.18946 0.07948 -0.20426 -0.06203 0.09171 0.05204 0.02410 0.43568 0.08443 0.07640 0.09956 -0.00018 0.00577 0.06673 -0.09393 -0.01868 -0.03799 0.06380 0.27475 -0.17733 0.12822 -0.11480 -0.03613 0.14203 0.04651 -0.02566 -0.02236 0.12803 0.11848 0.17665 0.09092 0.10553 0.38149 0.26432 0.00683 0.30246 0.19772 0.35118 0.26409 0.31302 0.39001 0.45494 0.24542 0.35248 0.32152 0.30559 0.54227 0.39059 0.25043 0.50115 0.62983 0.49346 0.12252 0.40841 0.54268 0.29481 0.46309 0.33079 0.28197 0.20375 -0.07658 0.04742 0.16759 0.06605 0.30752 0.02644 0.07783 0.08842 0.20334 -0.02787 0.14791 0.10167 0.00986 0.00300 0.11141 0.07370 0.04727 0.01718 0.08806 0.07740 0.19373 -0.16146 0.25124 -0.13537 0.05049 0.15790 0.04216 -0.02800 0.14411 0.02378 0.04335 0.18686 0.11413 0.14698 0.21557 0.14455 0.24839 0.17316 0.11657 0.15035 0.38398 0.33002 0.36973 0.43415 0.54442 0.33256 0.48867 0.35410 0.44473 0.56136 0.63148 0.74207 0.70339 0.46384 0.62237 0.55561 0.62278 0.53906 0.61029 0.58252 0.45001 0.81179 0.40742 0.45037 0.57601 0.67782 0.51406 0.52041 0.46121 0.30408 0.41229 0.33363 0.49301 0.34732 0.20662 0.23414 0.40894 0.21879 0.07788 0.21525 0.17459 0.09172 0.02441 0.12095 0.05114 -0.01761 -0.11148 0.11729 0.15859 0.20041 0.19314 0.01637 0.05711 0.06794 0.09218 0.00314 0.17570 0.08378 0.30810 0.37707 0.21780 0.36743 0.37256 0.23838 0.40957 0.34782 0.34786 0.26407 0.26969 0.32689 0.42680 0.34224 0.50728 0.13379 0.30113 0.16265 0.39033 0.03481 -0.00745 -0.00170 -0.21527 0.00624 -0.05343 0.00752 0.10186 0.13363 0.07968 -0.00248 -0.07158 0.04838 -0.11848 0.19272 0.04247 -0.06417 -0.09036 0.10249 -0.02733 0.09672
S002 11.361 -0.16376 -0.08905 0.02492 0.01465 -0.00620 0.00992 -0.12353 -0.02517 0.03530 0.01246 0.11786 -0.05190 -0.20118 0.10546 0.00959 0.06066 0.13869 0.10200 0.06300 -0.03203 0.18527 0.15021 -0.01719 0.08776 0.05548 0.23358 0.01149 0.17208 0.19857 -0.09283 -0.05148 -0.14517 0.11376 0.15311 0.25933 0.24372 0.45737 0.10265 0.12794 0.24720 0.25843 0.33552 0.15021 0.34210 0.22207 0.49482 0.37981 0.26974 0.30769 0.31179 0.35360 0.47317 0.27248 0.43516 0.25903 0.29757 0.40796 0.24144 0.34023 0.24462 0.51148 0.26139 0.16326 0.26997 0.15844 0.05275 0.23578 0.15097 0.01399 0.04239 0.05399 -0.22674 -0.07991 0.23905 0.15426 0.07835 0.01399 0.16724 0.31460 0.14461 -0.08290 -0.07408 -0.12359 0.04366 -0.07325 -0.15513 0.03114 -0.06150 0.29776 0.12183 0.04657 0.26817 0.01750 -0.04312 0.32492 0.12838 -0.04494 0.24206 0.02957 0.07809 0.32466 0.30141 0.12102 0.37688 0.27522 0.34372 0.29337 0.34574 0.39095 0.29026 0.42833 0.40903 0.53317 0.35770 0.49574 0.61521 0.60871 0.54232 0.56531 0.68560 0.41453 0.62318 0.61922 0.54679 0.53864 0.38912 0.33409 0.58912 0.41665 0.34529 0.44272 0.27026 0.32937 0.26760 0.26781 0.29844 0.22673 0.21766 0.29268 0.30667 0.26234 -0.04073 0.17525 0.22776 -0.07485 0.05298 0.18145 0.05397 0.10681 -0.00230 0.07654 0.09598 0.20403 0.12466 0.14003 0.09491 0.07166 0.09831 0.24331 0.09255 0.17953 0.36801 0.34231 0.14564 0.43632 0.26505 0.17744 0.19748 0.13568 0.34850 0.38701 0.43260 0.31911 0.24506 0.32657 -0.03755 0.25624 0.12432 -0.05214 0.23112 0.13144 0.08414 0.16737 0.24577 0.10731 0.00643 0.01279 0.01394 0.14946 -0.07656 -0.00699 -0.12264 0.06440 -0.02180 0.06446 -0.11033 -0.04989 -0.09921 -0.03071 0.00773
S003 13.760 0.12919 -0.10258 0.04764 0.14697 0.13965 0.20462 -0.09527 -0.20048 -0.18835 0.16203 0.04699 -0.08757 -0.01284 -0.03756 0.31927 -0.02748 0.04970 0.02027 0.12681 0.04547 -0.01789 -0.02147 0.24341 0.16049 0.23417 0.03383 -0.04837 0.01399 0.11180 0.18567 -0.12019 0.21452 0.03422 0.07335 0.11443 0.02400 0.25747 0.27097 0.07497 0.14318 0.24746 0.51738 0.22723 0.15837 0.26210 0.34361 0.18757 0.37608 0.36530 0.53115 0.65708 0.52457 0.41809 0.23760 0.71685 0.48989 0.38762 0.23523 0.31388 0.31715 0.20067 0.26581 0.26076 0.12300 0.12164 0.13676 0.11676 0.25587 -0.08996 0.31599 0.14024 -0.22865 0.01749 -0.05842 -0.09176 -0.00028 -0.00164 0.21587 0.11148 0.05389 0.09823 -0.08449 0.00541 0.04143 -0.11309 0.03219 -0.09891 -0.04730 0.04516 0.12191 0.00785 0.16928 -0.06543 0.00477 0.25374 0.05356 0.16335 -0.02838 0.32985 0.19809 0.13748 0.33901 0.29069 0.15690 0.16132 0.36456 0.15325 0.56829 0.23321 0.67332 0.37990 0.42652 0.42855 0.56961 0.53456 0.66321 0.60169 0.54796 0.59391 0.60214 0.60066 0.49172 0.51967 0.68886 0.42264 0.60316 0.56805 0.64337 0.49622 0.46790 0.50757 0.38991 0.53641 0.21160 0.37033 0.35300 0.34162 0.37449 0.35337 0.24661 -0.01581 0.09754 0.18269 0.19700 0.23707 0.04124 0.03650 -0.00451 0.01048 -0.08804 -0.01687 -0.04256 0.01628 0.16647 -0.10795 0.33197 0.15868 0.20459 0.03176 0.26538 0.15238 0.23655 0.55125 0.23122 0.38244 0.24378 0.29253 0.53796 0.23818 0.52366 0.38521 0.25671 0.32059 0.33528 0.29437 0.05190 0.09752 0.20377 0.06106 0.15422 0.01463 -0.05627 0.02692 0.08048 0.06177 0.13963 0.06806 0.02464 0.07052 -0.14806 0.01738 0.00980 0.11041 -0.13883 -0.14221 0.07128 -0.03129 0.03849 -0.06111 -0.05321
S004 11.910 0.05240 -0.02197 -0.00937 -0.05648 0.02021 0.03406 0.00842 -0.07898 0.08297 -0.05398 -0.02778 -0.06174 0.10610 -0.01604 0.12288 -0.20948 0.08276 0.07044 0.01123 0.05304 -0.03549 0.14566 0.25369 0.06977 0.00411 0.15396 0.18072 0.04729 0.10585 0.08366 0.01431 0.07129 0.12331 0.00032 0.22785 0.29534 0.33679 0.13140 0.35878 0.27258 0.32865 0.46382 0.34053 0.52544 0.42934 0.48043 0.58394 0.77956 0.45086 0.48602 0.45265 0.48415 0.42603 0.62826 0.54827 0.37291 0.32710 0.45003 0.29556 0.40777 0.28880 0.19268 0.43999 0.35661 0.13292 0.18872 0.18814 0.16288 0.20568 0.34282 0.01802 0.03999 -0.09899 -0.00660 0.05249 0.20251 -0.06013 0.04580 0.11363 0.08239 0.36784 -0.03542 -0.01522 0.08451 0.06770 0.20243 0.05506 0.00987 0.10356 0.27820 0.10990 0.15485 0.23240 0.19267 0.31934 0.21087 0.04534 0.25668 0.29771 0.12418 0.35624 0.25622 0.39065 0.56007 0.38901 0.47722 0.28999 0.68060 0.55421 0.82100 0.59257 0.64505 0.62296 0.80367 0.55565 0.72849 0.78108 0.73830 0.52640 0.67904 0.79252 0.63057 0.73897 0.62185 0.83757 0.46557 0.62392 0.68834 0.77767 0.56004 0.58367 0.73115 0.29502 0.25013 0.50838 0.31641 0.31804 0.42598 0.21454 0.23820 0.10491 0.34240 0.31715 0.18306 0.43126 0.02940 0.00810 0.08672 0.09488 0.15883 0.03582 0.10107 -0.10295 0.24896 0.10940 0.28523 0.20600 0.18556 0.17812 0.27574 0.36084 0.44465 0.38062 0.39806 0.33309 0.49528 0.33413 0.58991 0.42137 0.25880 0.40009 0.26577 0.47689 0.25303 0.22710 0.01888 0.09838 -0.00032 0.01493 0.11246 0.20990 0.16101 -0.03540 0.11625 0.04056 -0.16509 0.18378 0.11045 -0.04518 0.03606 -0.05949 -0.15270 -0.06741 -0.11670 -0.10541 -0.00620 0.18812 0.02704 -0.08237 0.00063
S005 11.314 0.12873 0.14626 0.00581 -0.02164 0.14272 0.01013 0.08044 0.17243 0.17766 -0.13648 0.15201 0.02102 0.25051 -0.10395 0.13455 -0.01016 -0.08872 -0.00114 -0.08277 0.02188 -0.02377 0.00978 0.08201 0.22367 0.18946 0.10471 0.12386 0.08790 0.09235 -0.10558 0.00931 -0.05782 0.12851 0.21314 0.08128 0.28142 0.01611 0.15053 0.30749 0.45370 0.47951 0.23780 0.49933 0.33855 0.35487 0.46228 0.30650 0.32111 0.57771 0.56394 0.34459 0.45562 0.42192 0.45082 0.26228 0.31101 0.37836 0.44224 0.38834 0.20819 0.30231 -0.02136 0.37866 -0.05937 0.17727 0.02821 0.00920 0.17960 0.02468 0.18194 0.08237 0.10190 0.06457 -0.05031 0.16738 -0.01388 -0.06700 0.03566 0.19776 0.11288 0.02225 0.00513 0.04626 0.28000 0.01753 0.02279 0.10685 0.11737 -0.05321 0.05951 0.07940 0.13304 0.17181 0.04071 0.14189 0.06462 0.12925 -0.04293 0.21837 0.31333 0.25991 0.02624 0.53967 0.32622 0.39557 0.25701 0.36578 0.33286 0.35040 0.61050 0.38138 0.38029 0.53674 0.62430 0.52937 0.57562 0.83138 0.65086 0.65805 0.63069 0.58738 0.80752 0.74226 0.45146 0.64498 0.46510 0.54062 0.41687 0.51669 0.50691 0.40786 0.43772 0.58226 0.43435 0.32767 0.45766 0.39135 0.15310 0.13504 0.26975 0.20960 0.29939 0.12446 0.10603 0.16260 0.14444 0.03444 -0.13844 0.23428 -0.02280 -0.04193 -0.17704 -0.01143 -0.01634 0.14906 0.28083 0.06036 0.34555 0.28654 0.06120 -0.09172 0.44067 0.17298 0.10143 0.41500 0.52279 0.48413 0.46891 0.43894 0.40563 0.42261 0.35305 0.31039 0.29913 0.20259 0.16035 0.02977 0.11135 -0.02937 -0.03041 0.08818 0.11359 0.17860 -0.26276 0.06068 0.18632 -0.09924 -0.01367 0.07578 -0.12256 0.02259 -0.13906 -0.06389 0.04164 -0.22462 0.04623 0.00633 0.06176 0.01164 0.19333
S006 13.205 -0.00513 -0.03153 0.07716 0.05046 0.01575 -0.00056 -0.00805 -0.07878 -0.07554 0.17054 -0.16632 -0.03392 -0.08518 0.12304 -0.16263 0.12942 -0.08462 -0.01788 -0.10172 0.19790 -0.10590 -0.01826 0.10299 0.13907 0.03151 0.07122 0.11189 0.11030 0.26493 0.28453 0.01176 0.02223 0.16481 0.45471 0.19320 0.36600 0.41408 0.14490 0.43771 0.44497 0.27030 0.30992 0.28011 0.25394 0.32018 0.23765 0.40679 0.47437 0.52205 0.35708 0.55923 0.63964 0.17039 0.42460 0.51845 0.27571 0.55412 0.40102 0.29976 0.33200 0.33114 0.18548 0.26604 0.11778 0.21806 -0.00726 0.13326 0.00170 0.05004 0.18270 0.16398 0.07901 -0.04547 -0.01399 0.21874 0.07916 0.26718 0.03357 0.06900 0.03225 0.04811 0.09267 0.12271 0.17250 -0.03747 -0.06052 -0.17917 0.07877 -0.03420 -0.13051 0.14219 0.39388 0.03069 0.15208 0.15247 0.10401 0.42969 0.18588 0.23356 0.24007 0.16703 0.38383 0.29744 0.23791 0.40384 0.36906 0.49163 0.45894 0.51591 0.57507 0.60103 0.69977 0.74716 0.71817 0.61249 0.52395 0.49534 0.62917 0.65670 0.60591 0.61635 0.70805 0.62510 0.71479 0.60474 0.49385 0.42905 0.61546 0.38569 0.49109 0.66047 0.57816 0.36493 0.47902 0.40056 0.37340 0.29879 0.27663 0.26315 0.26868 0.17370 0.13582 0.21894 0.27681 0.28528 0.02088 -0.10805 0.18407 -0.11135 0.08458 -0.00961 -0.22091 0.09190 0.12507 0.03997 -0.19564 0.06305 0.16810 0.00705 0.17191 0.18460 0.25181 0.30850 0.23684 0.41173 0.41133 0.34758 0.35753 0.29909 0.17965 0.35927 0.52082 0.17735 0.09106 0.39913 0.17536 0.10816 0.30592 0.08037 0.31952 0.14049 -0.00044 0.20789 -0.04188 -0.06462 0.01995 0.13982 0.19381 -0.00383 -0.05371 -0.06023 -0.06885 0.11846 -0.04609 -0.04549 0.08252 -0.11601 -0.09617 0.11911 -0.10135
S007 12.155 -0.13185 0.07509 0.04938 0.10167 0.08035 -0.03416 -0.09379 0.06695 -0.06070 -0.06696 0.04341 0.00565 0.16988 0.24995 0.03544 0.13940 -0.02466 0.01647 0.19344 0.08688 0.04293 0.05428 0.15593 -0.05637 -0.07836 -0.13942 0.25566 -0.02976 0.13062 0.07028 0.09446 0.21491 0.22568 0.19898 0.25285 0.27105 0.17627 0.39312 0.37272 0.44252 0.42883 0.50288 0.42498 0.33084 0.40539 0.38444 0.43729 0.65378 0.62730 0.56060 0.59272 0.78245 0.62718 0.78591 0.54629 0.28573 0.53676 0.46583 0.57995 0.48396 0.38268 0.27825 0.38069 0.20076 0.24842 0.26583 0.42525 0.26766 0.08385 0.18200 0.20087 -0.03230 0.06876 0.14996 -0.03262 0.15675 0.07574 0.06796 0.01332 -0.15546 0.04365 -0.05039 0.16577 0.01355 0.07756 0.15870 -0.05985 -0.16363 -0.14436 0.22580 0.00514 0.28281 0.11296 0.22599 0.38853 0.38682 0.43643 0.41213 0.31861 0.39009 0.39538 0.32412 0.29192 0.46070 0.42282 0.34195 0.63657 0.57507 0.63038 0.73311 0.56412 0.68476 0.62302 0.53536 0.73009 0.62197 0.90642 0.76726 0.67331 0.89885 0.83307 0.90448 0.78893 0.65041 0.70358 0.80981 0.90907 0.78874 0.64276 0.48907 0.57686 0.37680 0.52320 0.48944 0.38142 0.28610 0.50198 0.26897 0.20402 0.03390 0.24540 0.44379 0.41233 0.20376 0.08358 0.15467 0.02273 0.10509 0.21602 0.16646 0.20223 0.13716 0.00645 0.05930 0.00354 0.28500 0.20273 0.07794 0.24839 0.22033 0.19947 0.22241 0.05734 0.39455 0.42296 0.39686 0.37387 0.45519 0.31933 0.51249 0.52325 0.22600 0.37954 0.20113 0.32811 0.30296 0.07343 0.35019 0.06600 0.11062 0.11104 0.14342 0.06600 -0.04126 0.03802 0.06097 0.15924 0.06480 -0.00052 -0.00292 0.01735 -0.27165 0.09381 0.10017 -0.23829 -0.11328 0.05160 0.23627 0.02049 -0.07435
S008 11.919 0.05722 -0.01080 -0.03903 -0.04393 0.00921 -0.09838 0.02294 0.21216 0.10741 -0.03952 -0.01481 -0.07101 -0.01603 -0.03981 0.05852 0.37824 0.06161 -0.09036 -0.07742 0.09714 0.10370 -0.15647 0.12036 -0.07566 0.26480 0.12402 0.00220 0.10596 -0.00021 0.17249 0.08376 0.13846 -0.03172 0.21806 0.14320 0.13923 0.07018 0.23920 0.42578 0.17242 0.41774 0.48641 0.41495 0.45533 0.35326 0.32337 0.40065 0.60958 0.54362 0.80496 0.59092 0.46523 0.44426 0.35452 0.43030 0.32133 0.43286 0.43347 0.28228 0.47508 0.35443 0.34711 0.07054 0.20969 0.30135 0.21596 0.12224 0.09052 0.31167 0.16757 0.12867 0.05997 0.06023 -0.11594 0.23123 -0.02510 0.11743 0.27283 0.11935 -0.06523 0.04954 -0.04022 0.00971 0.02824 -0.05761 0.22469 -0.02799 0.09668 0.03442 0.16284 0.18202 0.03081 0.14917 -0.02548 0.12602 0.43892 0.00451 0.12464 0.25737 0.24150 0.28278 0.32107 0.41083 0.47161 0.41915 0.20873 0.49419 0.54631 0.48479 0.46783 0.58064 0.51436 0.31377 0.72701 0.54891 0.68973 0.67819 0.66450 0.71366 0.63951 0.60627 0.61667 0.70214 0.71995 0.50671 0.65111 0.52354 0.58352 0.47544 0.73158 0.49308 0.44889 0.49691 0.34291 0.38752 0.18665 0.20211 0.14961 0.36399 0.38887 0.12271 0.16385 0.13221 0.29053 0.01955 0.20853 0.29267 0.18682 0.03406 0.26024 -0.11187 0.14601 0.07876 -0.12846 0.04784 0.20110 0.19012 0.15764 0.32114 0.31914 0.35245 0.29541 0.28364 0.11172 0.22887 0.27118 0.63014 0.39342 0.34052 0.35531 0.34011 0.57897 0.27714 0.33400 0.21936 0.10685 0.13158 0.18635 0.05908 -0.03549 -0.02173 0.11784 -0.15746 0.15362 0.11901 -0.12669 -0.05833 -0.05976 0.01068 0.10738 -0.16315 -0.06696 -0.08713 0.06876 0.02060 -0.05779 0.06199 -0.07430 0.13755 -0.04662
S009 12.031 0.22855 -0.03233 -0.06719 -0.15670 -0.12850 -0.22367 -0.08711 0.04067 -0.13404 0.09802 0.01453 0.03821 0.13527 -0.02361 -0.03477 -0.03254 -0.22803 -0.06176 0.01117 -0.13521 0.03607 0.11216 -0.00299 -0.08671 0.05609 -0.01529 -0.02979 0.23841 0.16265 0.09676 0.21355 0.12219 0.24094 0.13923 0.14080 0.25918 0.16664 0.27444 0.32490 0.31603 0.35324 0.22688 0.38528 0.51073 0.49629 0.38623 0.64094 0.41439 0.62511 0.69574 0.44228 0.71294 0.40322 0.61012 0.59890 0.44372 0.52896 0.47792 0.48535 0.36097 0.24139 0.37118 0.37680 0.23477 0.41002 -0.03125 0.26852 0.28577 0.05717 0.02650 -0.00228 0.04139 -0.00152 0.16305 0.23132 0.23448 0.01831 -0.00545 -0.09623 -0.03129 0.13585 0.16377 -0.11409 -0.01872 0.16009 0.08898 -0.05915 0.06096 -0.00260 0.18744 0.12684 0.15189 0.05882 0.14039 0.18779 0.11191 0.14178 0.46643 0.35450 0.28630 0.41395 0.32437 0.58398 0.43684 0.44837 0.43539 0.29781 0.35614 0.50525 0.47870 0.77490 0.72321 0.69791 0.72468 0.60900 0.70310 0.63147 0.75399 0.75406 0.72809 0.51497 0.79413 0.61236 0.77555 0.94556 0.70122 0.46088 0.50669 0.76754 0.73928 0.41465 0.56365 0.44265 0.41021 0.73117 0.20285 0.43446 0.51814 0.37086 0.29473 0.17556 0.19003 0.27828 0.19774 0.24076 0.16300 0.30346 0.20644 0.19807 0.02453 -0.10166 0.17192 0.02596 -0.02546 0.04522 0.30189 -0.07720 0.43135 0.35697 0.15232 0.23599 0.31959 0.38108 0.43490 0.47700 0.42241 0.39469 0.40715 0.39398 0.58962 0.44852 0.14705 0.43644 0.32985 0.32908 0.18711 0.36921 0.29440 0.04865 0.19297 0.02983 -0.00269 0.04456 0.15479 0.07112 0.19683 0.01857 0.11028 -0.03501 -0.01049 0.07709 0.07357 0.18547 0.03596 0.02253 -0.00951 0.08425 -0.14162 0.00009 -0.07953
S010 12.432 -0.07238 0.02610 0.00440 -0.01810 -0.15644 0.03801 0.05133 -0.10439 0.12034 0.15018 -0.10541 -0.10763 -0.08311 -0.07905 0.01833 0.06551 -0.02035 -0.17751 0.04583 -0.17609 -0.00629 0.06117 0.19769 -0.08828 -0.24233 0.05294 0.26687 0.27225 0.14436 0.09521 0.21693 -0.03149 0.15780 0.25886 0.31589 0.53471 0.38740 0.27826 0.38235 0.17905 0.27037 0.36457 0.34265 0.55355 0.44048 0.64135 0.58185 0.43134 0.53925 0.49789 0.63111 0.44349 0.50573 0.50817 0.44474 0.38159 0.45999 0.54370 0.36660 0.36794 0.44350 0.37864 0.36981 0.21010 0.27031 0.26653 -0.03987 0.14483 0.31945 0.26325 0.18803 0.24687 0.07634 0.12733 0.00791 0.04501 0.06913 0.11941 0.06948 -0.01536 0.04676 0.07738 -0.06548 -0.22341 -0.02136 -0.03716 0.05987 0.01882 0.12158 0.24041 0.07211 0.15372 0.16355 0.04522 0.25779 0.17250 0.21989 0.16450 0.03439 0.30088 0.35893 0.32255 0.25882 0.54271 0.36219 0.66517 0.38732 0.53473 0.41408 0.63538 0.62224 0.57308 0.71041 0.54690 0.79460 0.71684 0.69122 0.66694 0.48802 0.78458 1.02107 0.84516 0.83197 0.75129 0.69724 0.76175 0.56830 0.78179 0.83792 0.70233 0.52418 0.52583 0.48965 0.52909 0.31885 0.32002 0.32287 0.53131 0.20274 0.16562 0.28043 0.17804 0.26083 0.31526 0.17175 0.28219 -0.09394 -0.00531 0.12320 -0.00909 0.09078 0.29861 0.13083 0.14674 -0.05121 0.06881 0.06055 0.13292 0.33609 0.36221 0.07957 0.33995 0.44994 0.51098 0.58810 0.34042 0.41387 0.25966 0.34848 0.48037 0.40944 0.45011 0.39656 0.32778 0.19604 0.46598 0.06527 0.21263 0.38502 0.11707 0.12718 0.06345 0.01016 0.24774 -0.25712 0.17168 -0.07791 -0.05169 -0.01992 0.09101 -0.19960 0.04466 0.19590 -0.16311 0.13453 -0.10407 0.09300 -0.01763 -0.11843 0.05396
S011 11.758 0.21292 0.02698 0.15016 0.01803 -0.08298 0.01428 0.17133 0.02263 0.01552 -0.06420 -0.00563 0.10461 0.00585 -0.07824 -0.00299 0.08962 -0.10179 0.03614 0.12172 -0.01757 0.03443 -0.07395 0.02194 0.01742 -0.06058 0.20566 0.14841 -0.03796 -0.21559 0.19424 0.02289 0.13500 -0.05448 0.29241 0.04023 0.28015 0.23132 0.08395 0.32549 0.33239 0.35440 0.43097 0.54674 0.25053 0.56927 0.35119 0.31890 0.27256 0.40188 0.47516 0.49263 0.67768 0.34425 0.49352 0.27641 0.40833 0.43599 0.35672 0.09622 0.33875 0.40774 0.33615 0.33325 0.08691 0.30727 0.35451 0.01206 0.26965 0.15615 0.12225 0.08634 -0.03395 -0.01829 0.09967 0.03266 -0.04475 0.16360 -0.09436 0.12734 0.11493 -0.24501 -0.06178 0.19468 -0.05445 -0.07316 -0.03799 0.10261 0.02017 -0.04757 0.21442 0.27412 0.21749 -0.01071 -0.03415 0.02935 0.22513 0.22862 0.34550 0.24839 0.05788 0.31657 0.21068 0.21286 0.39073 0.55963 0.68517 0.43107 0.34372 0.47696 0.55343 0.35481 0.69773 0.61836 0.64635 0.62683 0.64392 0.66718 0.56564 0.64696 0.56699 0.69826 0.67811 0.70167 0.69209 0.58357 0.67794 0.49242 0.53986 0.60795 0.57572 0.47369 0.39593 0.23051 0.36526 0.46876 0.31059 0.39081 0.33581 0.26403 0.29582 0.25593 0.22255 0.20762 0.10290 -0.08975 0.16576 0.03731 0.00941 0.22147 0.15400 0.25075 0.09858 0.10994 -0.06412 0.29855 0.11745 0.01162 0.12329 0.01678 0.25737 0.09663 0.13713 0.00082 0.41014 0.29782 0.44919 0.25638 0.09570 0.32873 0.44263 0.33902 0.29944 0.39223 0.31592 0.32861 0.36671 0.21100 0.01250 0.03750 0.05126 -0.07644 0.01041 0.06624 0.00051 -0.00636 -0.05283 -0.02181 -0.09697 0.16264 0.18451 -0.26247 -0.07488 -0.18744 -0.07677 0.00751 -0.15537 -0.08053 -0.06667 0.03550 -0.02538
S012 12.284 -0.10360 -0.05425 -0.09728 0.07105 0.12791 0.07461 -0.11363 0.07792 0.07201 -0.04349 0.11055 0.12894 -0.13127 -0.11394 0.14940 0.01686 -0.02784 0.04027 -0.02671 -0.00934 0.07426 0.13120 0.01776 0.01553 -0.12558 0.12361 0.19515 0.10592 0.27398 0.01753 0.19310 0.04596 0.17661 0.23582 0.22063 0.17809 0.27629 0.28478 0.26449 0.18173 0.50683 0.59691 0.25032 0.51978 0.44463 0.59419 0.54578 0.55341 0.49600 0.48170 0.39954 0.38757 0.53380 0.42523 0.62314 0.67664 0.40205 0.41149 0.49505 0.38843 0.33336 0.36002 0.34702 0.21185 0.33594 0.28913 0.04464 0.20496 0.18097 0.11660 0.20320 0.37583 -0.00305 -0.06985 0.11549 0.22970 0.06657 0.18073 -0.09777 0.07647 -0.07583 0.17668 0.19441 -0.00762 -0.06829 0.19795 0.05061 0.05591 0.07106 -0.14081 0.10314 0.09001 0.03527 0.20426 0.06458 0.27283 0.11332 0.15619 0.28215 0.27064 0.34196 0.41409 0.29554 0.29359 0.30491 0.38323 0.76905 0.70466 0.44423 0.37285 0.68837 0.72666 0.70039 0.59016 0.69873 0.76073 0.69503 0.45877 0.73302 0.66697 0.76005 1.05360 0.73300 0.68686 0.84394 0.73779 0.64440 0.69935 0.78842 0.50852 0.64190 0.37209 0.60933 0.33597 0.48709 0.38646 0.42163 0.38978 0.21748 0.28135 0.19176 0.19598 0.15983 0.16573 0.48622 0.21038 -0.08137 0.09099 0.15419 0.38014 -0.10499 0.05240 0.35326 0.09688 0.02125 0.21216 -0.08476 0.18528 0.28561 0.30743 0.13492 0.28069 0.27445 0.40064 0.31107 0.40899 0.22529 0.51775 0.53528 0.49139 0.34362 0.32677 0.33908 0.35167 0.64216 0.17590 0.38852 0.29846 0.15770 0.29870 0.09986 0.11312 -0.06392 0.18724 0.13535 -0.05657 -0.10489 -0.08091 0.02394 -0.00653 0.11967 -0.09195 -0.00180 0.07594 0.13711 -0.18169 -0.03319 0.00329 0.04755 -0.05921
S013 12.643 -0.19941 0.11447 -0.04799 -0.03823 -0.00239 -0.04104 -0.14990 -0.15081 0.15833 0.06007 0.14183 -0.09301 -0.00989 0.08305 0.13104 0.10455 -0.04304 0.04771 0.03687 0.15702 0.04327 0.08474 0.01803 0.14383 0.09013 -0.05086 0.22751 0.06296 0.03826 0.06261 0.13574 0.17883 0.10300 0.23468 0.41297 0.36878 0.33556 0.39731 0.24291 0.39912 0.59583 0.30807 0.30622 0.47492 0.25162 0.41816 0.54204 0.38850 0.52440 0.64506 0.44100 0.69972 0.55582 0.68607 0.51788 0.57281 0.29403 0.51136 0.43044 0.47545 0.19825 0.20908 0.39310 0.23114 0.26625 0.02073 0.44765 0.09068 0.19460 0.23859 0.03850 0.19977 0.11801 0.02237 -0.04529 -0.21607 0.17742 -0.16344 -0.02229 -0.00333 0.05232 -0.00018 0.03544 0.15958 0.11475 0.06198 0.10148 -0.07332 0.05677 0.16934 -0.08288 0.18292 0.09642 0.11482 0.15105 0.28815 0.42047 0.13816 0.23253 0.48286 0.40152 0.42793 0.58028 0.49707 0.55138 0.52525 0.51515 0.50687 0.45099 0.85463 0.47735 0.81035 0.63482 0.53533 0.77368 0.48215 0.83957 0.83356 0.76442 0.84952 0.93477 0.71778 0.65990 0.92423 0.92710 0.72181 0.77973 0.80681 0.63134 0.59625 0.74077 0.75613 0.56801 0.41477 0.59844 0.43165 0.21639 0.38737 0.53936 0.31468 0.33089 0.25516 0.20391 0.29803 -0.06930 0.02325 0.11298 0.05672 0.17204 0.16861 0.35509 0.23274 0.17202 0.08456 0.05229 0.04501 0.04727 0.16848 0.15822 0.23418 0.30798 0.21582 0.36785 0.20841 0.40352 0.47887 0.40762 0.49678 0.46138 0.39961 0.40705 0.35820 0.37785 0.14897 0.25405 0.25975 0.14159 0.22698 0.22028 0.13693 0.19624 0.04410 -0.08901 -0.03639 -0.00855 -0.08562 -0.03789 -0.17348 0.00888 -0.01043 0.05468 0.01494 -0.01519 -0.14585 -0.05341 -0.11453 0.07721 -0.16058 -0.07807 -0.02822
S014 12.185 0.03250 0.26026 0.14291 -0.09847 0.08131 -0.23594 -0.08643 -0.13890 0.15156 0.03363 -0.04972 -0.08514 0.11738 -0.12012 0.22260 0.09706 0.05459 -0.02555 0.13110 -0.20555 0.01444 0.03141 0.01000 -0.09581 0.04804 0.22303 0.20356 0.00208 0.18199 0.05977 -0.05269 0.03431 0.23444 0.06876 0.04869 0.21764 0.46263 0.46051 0.51836 0.18414 0.31023 0.21348 0.53459 0.27412 0.46207 0.33028 0.40127 0.34999 0.46216 0.40300 0.35802 0.52139 0.34230 0.53207 0.56684 0.37041 0.27808 0.40757 0.45397 0.35892 0.34041 0.36790 0.07695 0.22311 0.25665 0.10412 0.12187 0.06593 0.19500 0.20323 0.12315 0.27366 -0.14935 0.02174 0.05520 -0.05809 -0.09551 -0.08603 0.00400 0.03089 -0.22147 -0.31253 -0.00878 0.07582 -0.17207 0.00851 -0.08112 0.07956 -0.01429 0.07647 0.14125 -0.12162 0.23871 0.07528 0.23533 0.58268 -0.13605 0.43262 0.19212 0.28806 0.21673 0.31179 0.20107 0.41958 0.26259 0.42819 0.48801 0.35741 0.47436 0.56301 0.59179 0.53835 0.56436 0.63263 0.66215 0.86418 0.68618 0.66509 0.73237 0.85286 0.55191 0.82148 0.56784 0.61244 0.67017 0.60371 0.60426 0.61540 0.70747 0.67456 0.58383 0.44719 0.42159 0.55981 0.52302 0.45740 0.30529 0.24504 0.05720 0.21672 0.28950 0.20479 0.29498 0.05589 0.14259 -0.05284 0.10551 -0.16899 0.06601 -0.10384 0.26885 0.04325 0.19004 0.21076 -0.00472 0.25469 0.29304 0.05785 0.28127 0.11004 0.06073 0.14746 0.22442 0.16352 0.42069 0.31687 0.44325 0.30988 0.25712 0.35614 0.11186 0.43541 0.15119 0.42508 0.26434 0.29193 0.30442 0.06667 0.18152 0.17980 0.10390 0.31159 0.13106 0.12012 -0.09730 -0.07779 -0.02753 0.03566 -0.08094 0.21689 0.16279 0.12383 0.11183 0.02219 -0.00164 -0.02348 0.06101 -0.05717 -0.01135 -0.03978
S015 12.191 -0.10385 -0.13475 -0.10835 0.26526 0.11563 -0.11175 0.04659 -0.17628 0.12289 0.03260 0.00355 0.24226 -0.17183 -0.13831 -0.07386 0.05373 -0.15419 -0.25536 -0.00994 0.17512 0.15768 0.02928 -0.01533 0.22708 -0.03301 0.02909 0.01933 0.07724 0.03409 0.10992 -0.11608 0.07072 0.17645 0.01936 0.19536 0.32805 0.22956 0.27957 0.21442 0.24356 0.34171 0.30711 0.28555 0.37200 0.52091 0.17639 0.49446 0.49285 0.45686 0.56853 0.32738 0.31165 0.46644 0.37788 0.66369 0.27778 0.32954 0.38322 0.23282 0.20533 0.33188 0.16653 0.25622 0.06510 -0.04211 0.25337 0.30793 0.09304 0.20892 0.19230 0.00870 0.24095 0.22178 0.19063 0.06319 0.22102 0.03143 0.11172 0.06824 -0.05035 0.10007 0.03903 -0.15187 -0.20579 0.06666 0.04300 -0.03035 0.21709 -0.14080 0.13917 -0.08617 0.16061 0.07991 0.17672 0.01855 0.22731 0.29442 0.23001 0.18805 0.33348 0.16750 0.35410 0.42756 0.44671 0.28869 0.45167 0.23861 0.45739 0.53337 0.29920 0.33587 0.55677 0.42547 0.47752 0.55147 0.70940 0.50481 0.59219 0.71671 0.76588 0.57928 0.58539 0.61255 0.52279 0.60588 0.56130 0.33552 0.82035 0.47427 0.50894 0.43046 0.46532 0.27744 0.59755 0.35933 0.48266 0.37866 0.19718 0.32258 0.15644 0.28711 -0.00927 0.14385 0.21857 0.14107 0.23036 0.08281 0.02708 0.03494 -0.04630 0.13505 -0.05176 -0.26571 -0.03243 0.05017 -0.03418 0.02867 0.17228 0.29530 0.28349 0.11509 0.28539 0.25396 0.15353 0.35210 0.15839 0.31434 0.43274 0.39129 0.30977 0.24909 0.30459 0.13635 0.37259 0.16197 0.19566 0.02719 0.03169 0.27496 0.22402 0.22248 0.10594 -0.01101 0.17355 -0.04651 0.08594 -0.13600 0.12961 0.01511 0.19545 -0.01934 0.14965 0.29471 -0.01790 -0.26126 -0.14172 0.10668 -0.17544 -0.12370 0.00491
S016 13.580 -0.03979 -0.05815 0.02216 0.08810 0.03619 -0.07592 -0.01227 0.00499 0.06413 0.05079 0.07406 -0.13740 0.15786 0.14335 0.16992 0.20182 -0.13552 -0.01749 -0.03267 0.08103 -0.10459 0.10473 0.22057 0.15753 0.05519 -0.01319 -0.03747 0.19481 0.13521 0.08243 0.13687 -0.06846 0.04881 0.28920 0.04973 0.22430 0.30204 0.14453 0.29268 0.42033 0.35648 0.61409 0.21295 0.53254 0.48567 0.55216 0.48860 0.43636 0.60660 0.36321 0.59184 0.56732 0.63035 0.64368 0.53536 0.52154 0.29141 0.26522 0.51416 0.50937 0.28501 0.35516 0.09886 0.34656 0.27261 0.31794 0.16915 0.05460 0.13385 0.23169 0.11570 -0.05259 0.19934 0.15239 0.08122 0.20397 0.15175 0.00741 0.00394 0.04500 0.01219 0.03382 -0.15578 0.19697 -0.23690 0.25617 0.01754 0.05549 -0.04090 0.00645 0.25040 -0.03293 0.28850 0.22326 0.01298 0.02442 0.31082 0.08507 0.00938 0.32959 0.28402 0.20289 0.36199 0.27840 0.50189 0.49966 0.40772 0.48993 0.63930 0.56345 0.49458 0.68472 0.86294 0.52975 0.59456 0.67722 0.60528 0.64733 0.80599 0.87536 0.68362 0.56774 0.54150 0.76284 0.76293 0.58813 0.62411 0.54519 0.46742 0.61409 0.63684 0.35475 0.63434 0.52472 0.53504 0.22804 0.28940 0.34110 0.39158 0.51389 0.34411 0.24500 0.01843 0.31206 0.05383 0.38861 0.14427 0.24044 0.18835 0.08796 0.05832 -0.00011 0.14657 0.08662 0.05367 0.05903 0.10762 -0.00374 0.16899 0.05747 0.11737 0.06012 0.07579 0.19941 0.21052 0.52378 0.44504 0.44463 0.40787 0.43262 0.40519 0.29402 0.47623 0.53652 0.00356 0.08414 0.18540 0.09249 0.14712 0.05495 0.27625 0.17583 0.12626 0.18828 0.09011 -0.08819 -0.08736 0.01670 0.06018 0.07052 -0.13735 -0.05808 -0.06954 0.05152 0.05668 -0.09664 0.09742 0.12738 0.29084 -0.04357
S017 11.562 0.05231 0.07401 0.17896 0.05746 0.07883 -0.29861 0.07574 -0.02754 0.01955 0.21266 -0.12242 -0.03449 0.15905 -0.07249 -0.09379 -0.00785 0.12874 0.02736 -0.13695 -0.02796 -0.00681 -0.03917 0.08537 0.14442 -0.10392 0.16398 0.12322 0.24005 0.17590 0.11949 0.09828 0.33492 0.14976 0.20774 0.43354 0.29102 0.35613 0.19405 0.31928 0.37176 0.49112 0.39077 0.44424 0.68873 0.61199 0.42316 0.55552 0.45710 0.49734 0.57962 0.52518 0.45125 0.57419 0.51812 0.18047 0.79485 0.61735 0.42911 0.47258 0.31446 0.59727 0.57497 0.37885 0.46656 0.32857 0.09657 0.11384 0.28239 0.10502 0.09543 0.02565 0.11325 0.10197 -0.10559 0.01608 -0.09749 0.28072 -0.19638 0.13206 0.13068 0.06821 -0.24428 -0.03623 0.06787 -0.12701 0.02827 0.29746 0.15844 0.01278 -0.03166 0.15023 0.15111 0.19980 0.13786 0.17287 0.42000 0.24241 0.21326 0.09099 0.27652 0.40820 0.34675 0.41073 0.48176 0.35049 0.40433 0.66212 0.59122 0.68257 0.58102 0.75318 0.63732 0.81023 0.54349 0.71597 0.79209 0.74747 0.87412 0.94453 0.60451 0.77324 0.54487 0.67379 0.92214 0.74806 0.59650 0.68437 0.81148 0.48330 0.49166 0.77313 0.72453 0.54712 0.38643 0.77587 0.63224 0.38955 0.23560 0.34541 0.25374 0.17110 0.47079 0.35573 0.12555 0.29202 0.21710 0.17986 0.28772 -0.03921 0.18031 -0.03022 0.00323 0.13596 0.33133 -0.06103 0.16299 0.28188 0.20229 0.14780 0.10962 0.38674 0.30160 0.17340 0.54127 0.54410 0.50208 0.45767 0.50766 0.49533 0.51138 0.36310 0.51675 0.54740 0.38190 0.20829 0.24492 0.06237 0.09505 0.15504 0.04312 0.34778 0.25189 0.22477 -0.00639 0.00951 -0.03462 -0.03028 -0.16942 0.09457 -0.12356 0.16845 0.06137 0.12032 -0.12832 0.09957 0.04075 -0.01327 0.10617 0.01900 -0.04269
S018 13.518 -0.15802 -0.13708 0.26931 -0.02351 0.07948 -0.18108 -0.14357 0.13914 -0.11545 0.04701 0.07172 0.00119 0.00787 0.02660 0.17580 0.13587 -0.08364 -0.01005 0.20243 0.13208 -0.04212 -0.05293 -0.14788 0.01211 0.31825 0.03195 -0.02218 0.22454 0.01963 0.04034 0.30007 0.07058 0.12181 0.29613 0.22677 0.25857 0.29070 0.31953 0.21242 0.40183 0.28103 0.41765 0.35433 0.51272 0.42885 0.42693 0.49240 0.57418 0.69842 0.44923 0.65859 0.55236 0.51958 0.43905 0.54306 0.55658 0.40658 0.24396 0.38760 0.52611 0.26935 0.21343 0.35914 0.35689 0.28674 0.10710 0.20511 0.25839 0.10135 0.10866 0.25282 0.15223 -0.04941 0.03989 0.09969 0.09882 0.05135 -0.05287 0.21439 -0.00935 -0.10342 0.10757 0.01535 0.19522 0.12733 -0.02169 0.31265 0.10278 0.20740 0.05867 0.21695 0.11947 0.28872 0.27895 0.27214 0.19390 0.12897 0.15343 0.32773 0.19211 0.36117 0.40293 0.23390 0.26636 0.27806 0.50820 0.53250 0.67071 0.56809 0.56674 0.42929 0.49360 0.67168 0.41254 0.87305 0.61434 1.07847 0.95436 0.81241 0.74521 0.82000 0.89236 0.56502 0.47999 0.60084 0.65293 0.66710 0.75232 0.51051 0.25779 0.63862 0.47511 0.28898 0.45046 0.49484 0.36548 0.29612 0.33618 0.39236 0.11377 0.17143 0.28285 0.20722 0.25897 -0.05114 0.10384 -0.04454 0.12135 0.20844 -0.02772 0.07838 0.13235 0.17498 0.07254 0.01425 -0.04258 0.21958 0.23144 0.21729 0.12491 0.40062 0.25548 0.26950 0.42574 0.35584 0.35230 0.39520 0.60099 0.58782 0.36479 0.51720 0.31778 0.26079 0.19331 0.11370 0.25828 0.05380 0.06621 -0.04439 0.19535 0.07829 0.07910 0.05461 -0.00988 0.13484 -0.04833 0.05864 -0.14374 0.05029 0.14885 0.06290 0.01210 -0.03343 0.05844 0.04633 -0.03582 -0.02371 0.04533 -0.02324 -0.09648
S019 11.621 -0.13162 -0.15908 -0.03256 -0.00241 -0.09062 0.12472 0.01109 -0.13963 0.02045 0.07152 -0.02420 0.00951 -0.09146 0.02495 -0.17280 -0.19593 -0.02734 -0.00317 0.03307 -0.03010 -0.06861 0.05028 0.05135 0.12138 0.00238 0.17240 -0.03522 0.14119 0.14157 0.13996 0.14888 0.04841 0.23861 -0.00755 -0.04617 0.14865 0.34807 0.24414 0.10028 0.20292 0.27769 0.35087 0.51153 0.15999 0.58604 0.44794 0.49156 0.35267 0.44978 0.33829 0.37712 0.47728 0.57899 0.33489 0.42754 0.31132 0.23511 0.36043 0.25913 0.28139 0.24206 0.14761 0.16837 0.09437 0.15475 0.08283 0.15522 0.36970 0.09178 0.27529 0.03264 -0.00410 -0.03870 -0.11098 -0.17110 0.08852 0.16977 0.15698 -0.07953 0.02317 0.05479 0.12747 -0.05008 -0.08941 -0.07437 -0.01518 -0.11234 0.02875 0.07802 0.05835 0.10411 0.12676 0.02575 -0.10199 0.03231 0.20052 0.35681 0.25914 0.26949 0.21030 0.03645 0.22409 0.41121 0.23591 0.66408 0.36676 0.65948 0.30362 0.46819 0.40926 0.43643 0.62427 0.60349 0.47793 0.34470 0.61201 0.66018 0.65663 0.66706 0.62024 0.81430 0.63106 0.57262 0.41937 0.60091 0.56616 0.59312 0.52310 0.37600 0.53841 0.53528 0.55675 0.51258 0.44451 0.40905 0.38865 0.41685 0.16101 0.28932 0.12950 0.27110 0.31156 0.13404 -0.11762 0.10170 0.26902 0.11578 0.07366 -0.00482 -0.10605 0.15674 -0.08053 0.27741 0.16580 0.04803 0.01594 0.11144 0.11107 0.25194 0.18420 0.24138 0.46000 0.38702 0.33618 0.24233 0.29622 0.33099 0.25421 0.52460 0.56856 0.22955 0.15066 0.30856 0.27004 0.31765 0.24798 0.20665 0.28670 0.16333 -0.05175 0.17023 0.27632 0.27013 0.00311 0.03245 -0.22868 0.10508 0.02825 0.25418 -0.04842 -0.11201 -0.13132 -0.22262 0.03018 -0.14490 -0.01611 -0.16538 -0.00516 0.12126 0.00674
S020 11.567 -0.02162 -0.04184 0.00812 0.00825 -0.15222 0.05718 -0.30925 -0.11055 -0.03388 0.02197 -0.03708 -0.18589 -0.10022 0.06995 0.07125 -0.08918 0.06599 0.02786 0.01329 -0.03103 0.19096 -0.15765 -0.16049 0.14108 0.00695 -0.02880 -0.06701 0.00071 0.24043 0.17123 0.15745 0.00965 0.15670 -0.12781 0.10300 0.35500 0.28205 0.29747 0.27645 0.36592 0.40923 0.44465 0.23433 0.45416 0.63404 0.38678 0.54483 0.77447 0.51902 0.56116 0.38806 0.53146 0.56721 0.50317 0.43274 0.54894 0.60367 0.49431 0.40061 0.34075 0.48277 0.33583 0.16860 0.41816 0.23685 0.17890 0.26980 0.08906 -0.00920 0.21134 0.15709 0.00092 -0.19925 0.07481 0.04238 0.14272 -0.03126 -0.20509 -0.13751 -0.01238 0.14014 -0.06857 0.30823 -0.16823 0.17802 -0.04602 0.15116 -0.03256 0.21599 0.07517 0.04759 0.19387 0.11440 0.18461 0.29805 0.02587 0.13384 0.17546 0.22108 0.24715 0.18418 0.24488 0.42426 0.37814 0.35498 0.59362 0.48840 0.65853 0.51547 0.58559 0.77660 0.52855 0.84070 0.50830 0.95885 0.71588 0.76800 0.52232 0.75496 0.63127 0.69524 0.81445 0.78235 0.75839 0.76552 0.61153 0.56379 0.93531 0.48727 0.83655 0.60528 0.63370 0.53475 0.55904 0.50677 0.27866 0.29393 0.35842 0.41789 0.37047 0.31566 0.37055 0.26654 0.24495 0.03982 -0.12100 0.07550 0.06478 0.12787 0.13296 0.07098 0.25905 0.04333 0.01014 0.21117 0.07519 0.19497 0.10296 0.05206 0.23491 0.18522 0.34084 0.36045 0.15313 0.27767 0.47615 0.34888 0.43484 0.52234 0.43842 0.31307 0.36341 0.34648 0.21035 0.27545 0.28577 0.25573 0.28585 0.37249 0.13397 0.17075 0.05178 -0.08439 0.06926 0.07359 0.04667 0.23214 -0.03011 -0.00677 -0.01153 -0.01975 0.04366 0.15724 -0.20558 -0.22076 -0.06287 0.15959 -0.15318 -0.32396 0.04811
S021 13.032 -0.06290 -0.11808 -0.06406 -0.07988 0.08724 -0.07557 0.07407 -0.24541 0.03203 -0.10458 -0.07677 -0.00995 0.17503 -0.19944 0.05007 0.12182 0.24245 -0.03423 0.00737 -0.17191 -0.20042 0.14975 0.04086 0.12937 -0.07219 0.14044 0.26068 0.06578 0.09652 0.14010 -0.11881 0.15557 0.15789 0.24007 0.06006 0.03752 0.41408 0.23794 0.35075 0.37390 0.15987 0.43045 0.30695 0.37614 0.45937 0.30367 0.46648 0.75500 0.45983 0.44880 0.55036 0.48965 0.50037 0.37836 0.45875 0.49607 0.41811 0.65923 0.37117 0.22217 0.49702 0.19671 0.33114 0.18249 0.15776 0.23332 0.16133 -0.04454 0.02413 0.17898 0.06931 0.02284 -0.02117 -0.05206 -0.10685 0.06559 0.00897 0.00817 -0.03082 0.04247 0.32618 -0.13525 0.00521 0.11952 -0.03538 -0.07021 0.06694 0.03574 0.22828 0.11955 0.06741 -0.00354 -0.08865 0.15491 0.25122 -0.02289 0.02318 0.26886 0.19362 0.22269 0.25007 0.17198 0.16308 0.40736 0.21298 0.15576 0.42565 0.50293 0.53282 0.51765 0.57841 0.42680 0.61219 0.74534 0.59353 0.76351 0.51525 0.73623 0.71564 0.65657 0.63756 0.59268 0.72687 0.61030 0.53803 0.71555 0.62313 0.62304 0.69954 0.46241 0.66368 0.47143 0.57187 0.48913 0.41932 0.40497 0.19094 0.40877 0.07714 0.21763 0.41525 0.26071 0.45997 0.28746 0.04568 0.11015 0.12202 -0.08085 -0.05139 0.09379 -0.14659 0.09341 0.07244 -0.10976 0.20820 0.12337 0.15999 0.12473 0.22563 0.19988 0.30078 0.21218 0.28214 0.47232 0.30245 0.51048 0.28493 0.44897 0.33826 0.37784 0.15307 0.26988 0.19347 0.26675 0.27590 0.35203 0.00890 0.30657 0.17315 -0.01223 0.09018 0.06836 -0.03632 0.15857 -0.05449 -0.06056 -0.09249 -0.08124 -0.06137 0.02481 0.12670 0.09602 0.04317 0.05403 0.09670 -0.17091 -0.10403 -0.15311 0.17085 0.12303
S022 11.301 0.10499 0.16790 -0.10856 -0.01227 -0.01494 0.04127 -0.00296 0.01855 0.04630 0.09596 -0.07038 0.03559 -0.13714 -0.35683 0.04729 0.11514 0.05486 -0.21877 -0.08132 -0.18372 0.16096 -0.09368 0.24305 0.07983 0.03861 -0.06317 0.00179 -0.02334 0.14143 0.03154 -0.13716 -0.09816 0.13310 0.14360 0.18198 0.24025 0.33157 0.28702 0.22690 0.32744 0.16425 0.42541 0.48154 0.46841 0.26268 0.47523 0.35435 0.41577 0.58303 0.66133 0.43319 0.49804 0.66520 0.41682 0.57749 0.61068 0.35914 0.32352 0.30193 0.43945 0.50408 0.53872 0.40160 0.36335 0.18733 0.06631 0.27298 0.14817 0.11524 0.14965 0.09303 0.19576 0.20052 0.14215 0.18981 0.07779 0.06359 0.16042 -0.08012 0.14481 -0.07286 0.11869 0.00873 0.15663 0.03688 -0.08867 0.15836 -0.03254 0.13725 0.07598 0.17097 0.04932 0.04324 0.00840 0.24525 0.28830 0.03229 0.25421 0.03304 0.20777 0.19200 0.18928 0.24382 0.33704 0.40809 0.47173 0.56265 0.49837 0.55095 0.55530 0.54687 0.75820 0.54937 0.49507 0.57321 0.66621 0.61567 0.73349 0.82301 0.55486 0.75082 0.81580 0.70580 0.89786 0.77049 0.80791 0.48028 0.60978 0.58792 0.45473 0.57650 0.55528 0.51556 0.38041 0.49180 0.34612 0.42261 0.24894 0.28320 0.19071 0.16244 0.40854 -0.02568 0.13986 0.25953 0.18047 0.07256 0.11857 0.07893 0.03975 0.29042 0.17433 0.08143 -0.09364 0.10185 0.12800 -0.04883 0.21314 0.19340 0.36996 0.15138 0.47214 0.11148 0.46581 0.41703 0.28567 0.47841 0.36780 0.67206 0.41739 0.38555 0.34620 0.37590 0.33092 0.17534 0.30065 0.15814 0.39002 0.18088 0.31279 0.10566 -0.06631 -0.03855 0.23188 -0.01062 0.19772 0.08032 0.17931 -0.07387 -0.16286 -0.06872 -0.00501 0.08561 -0.21898 0.03102 0.00152 -0.06086 0.10004 0.14447 0.14230
S023 11.466 -0.12075 0.06779 0.16843 0.22356 -0.05761 -0.07122 0.08674 0.04783 0.13160 -0.14075 -0.11191 -0.27077 -0.01611 0.05732 0.02022 -0.07207 0.14392 -0.26564 0.04048 0.06402 -0.04201 0.15101 -0.01950 0.15167 0.08277 0.28622 -0.02686 -0.04438 0.21830 0.11225 -0.00871 0.04485 0.18034 0.36312 0.12134 -0.09560 0.37409 0.11706 0.08424 0.09536 0.50694 0.48058 0.37356 0.62719 0.52162 0.63248 0.43876 0.50012 0.39262 0.53047 0.46829 0.65449 0.56879 0.48797 0.59416 0.66840 0.49352 0.27992 0.42714 0.33075 0.51529 0.34519 0.17383 0.31310 0.34785 0.27520 0.17718 0.33985 0.00213 0.10729 0.25854 0.00386 0.10062 -0.17509 0.13258 -0.05835 0.10211 0.17693 0.16595 0.10813 0.03148 -0.11524 0.16387 0.08170 -0.04469 0.13035 -0.00982 -0.01470 -0.19488 0.01890 0.08103 0.19316 0.21749 0.10719 0.15779 0.11562 0.18778 0.30681 0.28630 0.28941 0.22652 0.21831 0.45218 0.45634 0.51827 0.32446 0.63714 0.42260 0.70867 0.57453 0.55589 0.62688 0.76032 0.75881 0.74822 0.68529 0.94410 0.88431 0.79939 0.79816 0.75753 0.78813 0.84530 0.73299 0.72673 0.49059 0.59157 0.57396 0.77671 0.65427 0.50459 0.50043 0.46211 0.51155 0.54141 0.46336 0.30186 0.33461 0.24157 0.34000 0.31783 0.31658 0.24434 0.27977 0.34388 0.10443 0.13336 0.01511 0.03606 0.10357 0.20628 -0.00940 0.10275 0.06630 0.10390 0.15075 -0.09674 0.27331 0.11405 0.33091 0.02463 0.35896 0.41758 0.36287 0.29107 0.40443 0.27347 0.39227 0.50675 0.54609 0.38180 0.25190 0.51894 0.38285 -0.02825 0.29958 0.23221 0.32345 -0.02995 -0.13524 0.16778 0.12983 -0.04293 -0.03172 0.32980 0.07017 0.14423 -0.09606 -0.16988 -0.04527 0.00188 -0.01410 -0.07935 0.02112 -0.00128 -0.14794 0.06451 -0.15455 -0.20651 0.08518
S024 11.662 0.11991 0.01797 -0.12943 -0.11859 0.00743 -0.14286 -0.00941 0.06801 0.05251 -0.12613 0.11355 -0.21840 0.08982 -0.07197 0.02598 -0.02488 0.09492 -0.08028 0.04374 -0.03357 -0.01560 -0.00914 -0.01285 0.02372 0.08365 0.14810 0.10800 0.17451 0.18944 0.03338 0.20265 0.05977 0.23825 0.21397 0.04641 0.23075 0.18999 0.16858 0.43831 0.30619 0.31208 0.39934 0.49729 0.47116 0.55177 0.45829 0.32361 0.40906 0.40637 0.46003 0.26896 0.67379 0.50884 0.52717 0.62333 0.65395 0.51288 0.46178 0.37231 0.36055 0.26252 0.21367 0.13982 0.17698 0.24765 0.07630 0.26540 0.11507 0.13655 -0.02562 0.56941 0.21842 0.00436 0.02700 0.04507 0.03954 -0.09533 0.02939 -0.04197 0.01625 0.12721 0.20828 -0.05591 0.06686 0.12670 0.02456 -0.11251 0.22016 0.20769 0.06967 -0.00259 0.07154 0.10862 0.08779 0.04681 0.16047 -0.02449 0.08781 0.27988 0.31749 0.20088 0.13908 0.22810 0.41037 0.46013 0.49778 0.43960 0.35806 0.63071 0.45627 0.54908 0.68616 0.72281 0.66586 0.52514 0.66730 0.75869 0.67077 0.86734 0.82682 0.88429 0.72837 0.75617 0.81336 0.71390 0.73638 0.60295 0.66651 0.47925 0.53311 0.70760 0.27106 0.68160 0.54109 0.32155 0.45822 0.30117 0.47699 0.33776 0.11631 0.23372 0.34294 0.12511 0.10608 0.39101 0.29735 0.09460 -0.03670 0.13055 0.18216 0.12196 0.22205 0.14932 0.14156 0.19323 0.03821 0.06492 0.24839 0.16299 0.25249 0.20603 0.21114 0.24898 0.31746 0.35205 0.33120 0.23683 0.49054 0.35819 0.62063 0.58272 0.41218 0.27681 0.14492 0.09146 0.09144 0.29303 0.17308 0.21492 -0.10079 0.03649 0.10208 0.10732 -0.03710 0.09049 0.22161 -0.01804 0.04469 -0.02183 0.16060 -0.17911 0.15742 -0.06010 0.11851 -0.06313 -0.07143 0.01471 0.31216 0.06063 -0.15043
S025 13.719 -0.12704 -0.08762 -0.16979 -0.03321 0.04839 -0.11708 0.15719 0.06896 -0.07882 0.03317 0.11309 0.06380 -0.00690 -0.08258 -0.00931 -0.14965 -0.10799 0.16624 0.10625 0.05626 0.04082 -0.07492 0.02046 -0.09204 0.30428 -0.03203 -0.05806 0.00803 0.13945 0.13410 0.05505 0.35077 0.25480 0.20572 0.20239 0.53418 0.39963 0.21447 0.48117 0.39483 0.44139 0.25626 0.30835 0.39134 0.46658 0.65950 0.29781 0.43652 0.62765 0.51441 0.69511 0.60436 0.60329 0.57222 0.39839 0.43149 0.58906 0.39696 0.49244 0.29096 0.39038 0.37401 0.31180 0.24474 0.32077 0.19620 0.23707 0.32327 0.24525 0.17429 -0.01675 0.05160 0.10032 -0.11350 0.06527 0.03952 0.01786 0.24974 0.01899 0.18961 -0.03647 0.07849 0.04033 -0.08145 0.15969 0.29254 0.03868 0.03369 0.05570 -0.04720 -0.12157 0.03893 0.00222 0.40026 0.12153 0.18490 0.30759 0.18035 0.20588 0.23776 0.32721 0.40664 0.37089 0.36377 0.41477 0.49987 0.47763 0.52273 0.49337 0.60588 0.52063 0.95236 0.62934 0.57262 0.70257 0.84765 0.88012 0.73736 0.58387 0.84373 0.46739 0.84393 0.77661 0.71772 0.76040 0.63594 0.71587 0.58694 0.66401 0.72555 0.58356 0.65316 0.68136 0.57550 0.31301 0.46182 0.42633 0.50399 0.24557 0.14078 0.19893 0.25403 0.31258 0.14592 0.32861 0.20547 0.14172 0.10473 0.13536 0.02760 0.33095 0.04929 0.14208 0.02113 0.04671 0.11954 0.24202 0.52137 0.22572 0.15292 0.22539 0.12418 0.34381 0.39990 0.50218 0.54284 0.52545 0.43190 0.42239 0.30852 0.49974 0.32567 0.35344 0.32655 0.31629 0.42293 0.10947 0.05122 0.15509 0.19400 0.09028 -0.02284 0.05535 0.07768 0.16396 -0.17336 -0.03735 0.02904 -0.08264 0.16298 -0.07037 -0.02219 0.09976 -0.04862 -0.07133 -0.03454 0.07557 0.09994 -0.06391 0.14210
S026 12.194 -0.00343 -0.01981 0.04181 0.02209 0.25671 0.01672 0.10760 -0.08641 -0.08407 0.02383 0.03598 -0.09185 -0.04567 0.02982 0.08595 0.10893 -0.02159 -0.11864 -0.07669 -0.05357 0.25699 -0.02261 0.02060 0.03306 0.35626 0.01471 0.06853 0.06966 0.13793 0.20055 0.30645 0.23625 0.07585 0.01149 0.17377 0.33220 0.13108 0.42265 0.35138 0.38408 0.40048 0.35649 0.44393 0.44863 0.57629 0.58721 0.54062 0.40103 0.58346 0.62998 0.42511 0.44893 0.38001 0.37948 0.39446 0.38086 0.31193 0.37897 0.13426 0.64782 0.51414 0.24207 0.36035 0.26927 0.37139 0.17990 0.15127 0.09599 0.01657 0.19393 0.31526 0.29989 -0.06782 0.04512 0.09521 0.11809 -0.12385 -0.08916 -0.00994 0.05861 0.10047 0.12091 0.11311 0.06818 0.18237 0.01171 -0.06810 0.23479 -0.02284 0.12950 0.32397 0.07867 -0.13356 -0.01324 0.20995 0.17727 0.18666 0.28519 0.37275 0.26551 0.31824 0.37409 0.42334 0.48397 0.38601 0.61068 0.39728 0.35354 0.45712 0.44089 0.55942 0.75248 0.62110 0.68720 0.60228 0.68294 0.55125 0.68266 0.65849 0.81940 0.75542 0.68586 0.78561 0.73207 0.83380 0.65739 0.62071 0.62167 0.61486 0.50944 0.53186 0.52752 0.45537 0.61954 0.43046 0.42506 0.36759 0.21754 0.30479 0.40516 0.07179 0.22732 0.09018 0.18077 0.06176 0.36042 0.11367 -0.05917 -0.12168 0.13637 0.19809 0.11167 0.11021 0.18131 0.13544 0.20419 -0.07001 0.03615 0.01539 0.23079 0.18261 0.39255 0.34491 0.28654 0.36121 0.26026 0.55529 0.45659 0.38815 0.62761 0.26929 0.29004 0.21457 0.38547 0.29704 0.31615 0.46299 -0.05644 0.25043 0.05241 0.10924 -0.02666 -0.02436 0.17299 0.13699 0.02427 0.14335 -0.08079 -0.15833 -0.18352 -0.10517 0.02385 -0.04821 -0.01741 -0.14474 0.17133 0.02916 0.15613 -0.17821 0.01182
S027 11.913 -0.04177 -0.01783 0.02138 0.03275 -0.09962 -0.09860 -0.10604 0.17022 0.07199 0.13381 -0.06393 -0.00903 -0.03181 0.17235 -0.06944 0.06109 -0.06763 -0.16246 -0.12384 -0.06560 0.04985 -0.06838 0.12614 0.10042 0.06612 0.08420 0.12599 0.02470 0.03441 -0.12844 0.10131 0.13875 0.12143 0.13296 0.27005 0.20841 0.32654 0.31307 0.32494 0.31524 0.23191 0.30142 0.35095 0.37050 0.45858 0.60084 0.37367 0.69035 0.49396 0.39422 0.47050 0.43653 0.62983 0.43103 0.68256 0.62847 0.44202 0.39133 0.29410 0.40998 0.42800 0.45179 0.34867 0.18740 0.05603 0.19818 0.23778 0.23230 0.16281 0.22294 0.24395 0.06344 0.06051 0.11240 0.01745 0.24804 0.05980 0.04577 -0.01345 0.09576 0.11281 0.02050 0.02112 0.09341 -0.20503 0.09201 0.01843 0.13262 0.06242 0.09045 0.07643 0.12860 0.05929 0.43650 0.24779 -0.03646 0.17337 0.16461 -0.02173 0.30597 0.36379 0.33075 0.32350 0.22041 0.35211 0.52204 0.32021 0.23630 0.42027 0.56165 0.45915 0.67328 0.74914 0.63455 0.83662 0.60386 0.59663 0.77694 0.46093 0.57573 0.65662 0.53732 0.89166 0.66196 0.56678 0.68965 0.67948 0.57454 0.47686 0.66195 0.70030 0.48289 0.64093 0.51304 0.41993 0.66460 0.27008 0.27443 0.18554 0.39203 0.43084 0.32425 0.26262 0.21989 0.11349 0.00928 0.28000 0.09035 0.01423 0.21842 -0.03973 0.19344 0.08064 0.24999 0.11648 -0.14975 0.19418 0.18545 0.19090 0.25071 0.24662 0.34675 0.21103 0.41030 0.38533 0.50513 0.51984 0.43682 0.41166 0.31339 0.46032 0.34544 0.27698 0.31336 0.16660 0.09705 0.27236 0.18027 0.05266 0.08338 0.27874 0.17703 0.21044 0.20389 0.13188 -0.02120 -0.14557 -0.24171 0.18289 0.13240 -0.17774 -0.02536 -0.07330 0.07522 0.21349 -0.19301 -0.00172 -0.08593 0.02129 0.06989
S028 12.373 -0.04607 0.02862 0.00195 0.09929 -0.00311 -0.00185 -0.24832 -0.02570 0.09169 0.01389 0.09212 0.19724 0.10008 0.01407 -0.11824 -0.28051 -0.00906 -0.06259 0.09077 -0.03721 -0.00718 -0.15451 -0.03478 0.11974 0.23942 -0.07478 0.14106 0.22976 -0.03614 0.12991 -0.02340 0.09954 0.10542 0.14821 0.06884 0.20823 0.37888 0.12808 0.17973 0.32548 0.41057 0.38300 0.11399 0.50875 0.42357 0.23461 0.36297 0.54892 0.60906 0.45319 0.40023 0.46366 0.39436 0.51544 0.30668 0.26433 0.52961 0.29575 0.48443 0.26259 0.23374 0.17523 0.19621 0.14010 0.09077 -0.00090 0.16365 0.14057 0.02607 0.26430 0.34630 0.04865 0.04701 0.29734 -0.04428 -0.00048 0.02139 0.20383 0.10748 0.00635 -0.12218 -0.03100 -0.06624 -0.00901 0.04384 -0.23377 0.12734 -0.02841 -0.21502 -0.02436 0.10984 -0.09071 0.20620 0.08018 0.31498 0.20622 0.11875 -0.03322 0.11372 0.28138 0.26556 0.25333 0.24591 0.29602 0.37467 0.19882 0.53302 0.41355 0.41305 0.65796 0.51822 0.42039 0.60550 0.54098 0.59565 0.58081 0.60821 0.61219 0.69176 0.39654 0.62774 0.75286 0.59100 0.54454 0.52591 0.39138 0.31544 0.48876 0.45217 0.46328 0.40136 0.46526 0.57416 0.30065 0.38357 0.29524 0.31371 0.45892 0.17074 0.23865 0.22450 0.05001 0.20888 -0.00831 -0.11273 0.18526 0.00909 0.05888 0.14470 -0.07789 -0.04567 -0.01972 0.19704 -0.06944 0.04909 0.00274 0.12946 0.16900 0.02425 0.28187 0.23576 0.24183 0.10611 0.19163 0.26545 0.26097 0.44390 0.33828 0.27627 0.26505 0.49040 0.27380 0.37045 0.20951 0.36238 -0.00910 0.26154 0.14867 0.11729 0.20710 0.00104 -0.07731 0.17909 0.16612 -0.04552 0.06400 0.09819 0.18753 -0.17042 0.08497 -0.17503 -0.30796 0.00990 0.08311 -0.02457 0.08613 0.34685 -0.05799 0.05361 -0.10758
S029 13.458 -0.00386 0.20019 0.00996 0.22507 0.08673 0.09240 -0.17510 0.05846 0.36263 -0.09610 0.05609 0.09571 -0.02301 -0.06495 -0.26782 0.17737 0.02069 0.02626 -0.01571 0.06253 -0.00065 -0.05039 -0.09350 0.12311 -0.00569 -0.10989 0.05630 0.10629 0.04649 0.26410 0.07989 0.14370 0.10530 0.21252 0.22172 0.19663 0.05687 0.49194 0.17378 0.27590 0.39307 0.35680 0.27567 0.28618 0.67001 0.46155 0.88550 0.53498 0.51973 0.50858 0.62348 0.45239 0.57844 0.41641 0.50282 0.28943 0.22398 0.35892 0.43391 0.35150 0.55664 0.50423 0.21522 0.06823 0.27065 0.16115 0.19866 0.10312 0.04389 0.08301 0.00611 0.09392 0.13277 0.00851 0.11081 -0.04463 -0.14410 0.04706 -0.03777 0.03934 -0.13774 0.23230 0.16141 -0.13699 -0.15419 0.21844 -0.02751 -0.05210 -0.21420 0.04497 0.05162 0.21465 0.01779 0.04494 0.14329 0.30290 0.01148 0.27663 0.23806 0.44619 0.28727 0.16962 0.38764 0.49445 0.41017 0.45881 0.44495 0.34575 0.75579 0.51840 0.64590 0.71715 0.84506 0.78959 0.68991 0.70927 0.89705 0.56204 0.78396 0.71292 0.83992 0.81278 0.82294 0.83813 0.55868 0.70406 0.75445 0.75497 0.88237 0.61906 0.51924 0.62700 0.54970 0.27411 0.67533 0.48106 0.43888 0.26752 0.36170 0.50933 0.20634 0.30998 0.19042 0.09070 0.18606 0.18184 0.09570 0.23445 -0.11433 -0.01271 0.13535 0.08007 0.01021 0.20606 0.22389 0.19744 0.16554 0.25774 0.19709 0.43718 0.13778 0.48823 0.35743 0.32422 0.51380 0.47897 0.51292 0.58220 0.56528 0.42734 0.46807 0.38068 0.51102 0.13700 0.29518 0.16443 0.43131 0.30601 0.18473 0.30154 0.04365 0.22958 0.21883 0.03569 0.20885 -0.05765 0.02065 0.08891 0.08292 -0.09320 0.02351 0.09556 -0.12665 0.10880 0.11057 0.02002 0.08029 -0.12636 0.05633 -0.06537
S030 13.499 -0.15565 -0.07617 -0.09188 -0.02154 -0.06666 0.01814 0.00194 -0.23396 0.17895 -0.09055 -0.08194 0.02240 0.04129 0.08595 0.05309 -0.04362 0.21492 -0.01814 -0.01777 0.18230 0.12836 -0.03704 0.33367 0.02190 0.05964 0.03910 0.08504 -0.04206 -0.14934 -0.01702 -0.09937 0.13836 0.23088 0.14849 0.11578 0.23906 0.36540 0.11810 0.41580 0.40895 0.52150 0.61232 0.64486 0.52079 0.53335 0.50854 0.47133 0.63319 0.45298 0.53929 0.69119 0.76916 0.57624 0.60372 0.58326 0.80172 0.45023 0.60822 0.69945 0.51704 0.45958 0.41306 0.34833 0.64799 0.28951 0.25140 0.09913 0.29742 0.24106 0.13176 0.24011 -0.05140 0.18492 0.19838 0.27851 -0.04673 -0.10976 -0.08730 -0.04754 0.10904 0.22341 0.01281 0.19963 0.05339 0.10045 0.07254 0.09636 -0.01780 0.10731 0.02304 0.11984 0.01753 0.05838 0.06325 0.14608 0.25341 0.12249 0.23113 0.23196 0.21910 0.22022 0.36520 0.34242 0.44399 0.45612 0.66996 0.73195 0.42026 0.64677 0.61400 0.74018 0.60922 0.82635 0.61681 0.71032 0.71613 0.88870 0.69242 0.85566 0.78379 0.73163 0.86992 0.70830 0.67796 0.93195 0.64578 0.93967 0.83310 0.54806 0.53430 0.61968 0.49551 0.76731 0.47160 0.33200 0.42174 0.55365 0.31165 0.35349 0.43871 0.28810 0.21711 0.24958 0.25126 0.23528 0.15124 0.15313 0.13108 -0.00484 0.05897 0.22327 -0.00797 0.11396 -0.02449 0.17725 0.14823 0.10668 0.09230 0.28393 0.10427 0.24814 0.53624 0.22748 0.20181 0.64389 0.35653 0.65661 0.41137 0.52709 0.51805 0.42397 0.53199 0.29822 0.28919 0.28208 0.20003 0.18306 0.10499 0.32627 0.21301 0.20962 0.08125 -0.07690 0.29673 0.11909 -0.05141 0.03289 0.15929 -0.05147 0.09926 0.16174 -0.11164 -0.12641 0.02211 -0.26832 0.04245 -0.08648 -0.04201 0.07062 -0.04104
S031 11.236 -0.06212 -0.23804 0.20689 0.22944 -0.03788 0.11689 -0.01657 0.06563 -0.00526 -0.17944 0.11170 0.05195 -0.09330 -0.14086 -0.14408 -0.28864 0.05780 -0.11310 0.06200 0.19092 0.11617 0.01010 0.04136 0.26320 0.10112 0.06251 -0.10917 0.04730 0.14831 0.02796 0.06362 0.00657 0.13037 -0.12466 0.13331 0.26323 0.21864 0.29629 0.11314 0.28278 0.31678 0.25405 0.47000 0.39437 0.28149 0.41563 0.47237 0.56449 0.21859 0.47583 0.36489 0.44063 0.61056 0.51317 0.35134 0.12696 0.42647 0.24963 0.21965 0.28248 0.38140 0.32349 0.19930 0.24280 0.10169 0.11155 0.29823 0.16463 0.22456 0.06390 -0.04712 0.15545 0.06484 0.01064 0.02728 0.04184 0.07896 0.08780 -0.04634 -0.03047 0.03851 0.05115 0.10114 0.16897 0.01367 -0.03564 -0.07756 0.19137 0.24517 0.03399 -0.03432 0.24578 0.17923 0.01284 0.01494 0.18431 0.05049 0.01416 0.15061 0.22470 0.19130 0.16307 0.33843 0.45825 0.13807 0.47363 0.30299 0.52676 0.29857 0.38972 0.48317 0.52152 0.37203 0.59874 0.62542 0.60742 0.82752 0.58745 0.64326 0.55875 0.68459 0.47273 0.55672 0.75681 0.56950 0.36886 0.42293 0.58164 0.67894 0.49518 0.59939 0.35016 0.32267 0.33874 0.42335 0.32622 0.30829 0.20008 0.22123 0.24469 0.07214 0.19107 0.11837 0.02891 0.15364 0.13525 0.08973 0.18932 -0.06963 0.02703 0.42815 -0.03126 -0.04148 0.13391 -0.20104 0.11961 0.36935 0.00856 -0.05833 0.05312 0.33394 0.42016 0.25196 0.35096 0.37593 0.50762 0.32292 0.14762 0.32900 0.29041 0.40511 0.20162 0.41891 0.34770 0.11950 0.30263 0.13682 0.14455 0.21284 0.16046 0.20748 -0.03856 -0.00104 0.07281 0.04725 0.07804 -0.05075 -0.19815 0.11400 0.15322 -0.21991 0.03268 -0.23418 -0.05683 -0.05648 0.00874 0.00161 -0.09269 -0.05864 -0.07659
S032 11.888 0.05073 -0.04551 -0.05713 -0.03560 0.07900 0.12978 -0.00632 0.08545 -0.00508 0.11507 0.05275 -0.04289 -0.18778 0.05662 0.09080 -0.13670 -0.12193 0.23593 0.04723 0.03650 -0.07280 -0.01402 0.11511 0.00478 -0.01572 0.02094 -0.03873 0.22999 0.30441 0.06764 0.07852 -0.07578 -0.04921 0.02598 0.32549 0.17799 0.16086 0.28549 0.26842 0.38663 0.16195 0.37380 0.21847 0.45159 0.49254 0.36138 0.45396 0.52805 0.33634 0.57318 0.42003 0.57123 0.38867 0.38421 0.34230 0.38296 0.33653 0.55702 0.26750 0.41661 0.25876 0.13122 0.28854 0.37338 0.13092 0.28489 0.11040 0.11678 0.13506 -0.00842 0.10341 0.06146 0.08956 -0.13935 -0.13828 0.13734 0.13773 0.03645 0.01239 0.17698 0.11634 -0.18392 -0.10279 -0.07223 0.05742 0.24720 0.04410 -0.11282 0.11204 0.26825 0.08941 0.10865 0.14620 0.18335 0.01183 0.24481 0.16757 0.24740 0.21237 0.29057 0.40856 0.11286 0.31337 0.30474 0.46289 0.34410 0.64748 0.57591 0.44648 0.62806 0.63874 0.67997 0.54901 0.61718 0.73665 0.50706 0.88928 0.64645 0.46579 0.70662 0.62057 0.65432 0.57601 0.75744 0.73450 0.71230 0.62358 0.68419 0.60046 0.50042 0.65548 0.51400 0.54999 0.57637 0.27142 0.58624 0.32998 0.50152 0.24748 0.19458 0.24899 -0.00338 -0.03847 0.03161 0.12605 0.03032 0.04062 0.12042 0.06946 0.21482 0.13234 0.12100 0.10484 -0.01463 0.10699 -0.09138 0.11157 0.22539 0.26565 0.33102 0.17515 0.38789 0.37798 0.45170 0.29777 0.47379 0.53008 0.30849 0.53326 0.50464 0.34734 0.23496 0.63388 0.17199 0.29984 0.45619 0.14809 0.00765 0.13470 -0.05566 0.12750 0.07723 0.06740 -0.18651 0.11622 0.00701 0.22964 -0.01247 -0.06669 0.04534 0.03682 -0.14641 0.18256 -0.10305 -0.08443 0.09305 -0.09440 -0.03322 -0.17250 0.19046
S033 12.821 -0.11755 -0.04863 0.17200 0.08695 0.06212 -0.19639 -0.05987 0.02903 -0.02178 0.07908 0.07883 0.02171 -0.03181 0.24990 0.04955 0.02439 0.03892 0.29645 -0.20827 -0.02190 -0.21088 0.08970 0.06487 0.05623 -0.03207 -0.16427 0.09264 0.19716 -0.07090 0.09107 -0.04460 0.14929 0.08648 0.06027 0.05391 0.13078 0.24039 0.11000 0.24486 0.27580 0.15143 0.44577 0.40267 0.25537 0.27380 0.61973 0.50120 0.37114 0.53495 0.48280 0.48047 0.39901 0.38036 0.52025 0.36570 0.58703 0.31495 0.57041 0.41536 0.26669 0.42962 0.24413 0.29521 -0.02879 0.18690 0.05037 0.06006 0.16575 0.11057 0.17214 0.13318 -0.02564 0.06199 0.06462 0.18404 0.15309 -0.00258 -0.02414 -0.07735 -0.10782 -0.02318 0.10976 0.13226 0.02492 0.01408 0.03237 -0.00334 -0.09677 -0.13624 -0.01488 0.05511 -0.02564 0.09587 0.16017 0.16500 -0.00842 0.34181 0.25364 0.10329 0.11909 0.37016 0.28186 0.00852 0.18479 0.38630 0.35039 0.35774 0.43764 0.71534 0.51166 0.58465 0.64308 0.74359 0.54944 0.44651 0.66570 0.74538 0.60259 0.77240 0.79132 0.67642 0.71659 0.65133 0.37290 0.49877 0.67673 0.45619 0.56816 0.37792 0.59411 0.54875 0.29145 0.50981 0.33296 0.45978 0.42414 0.40381 0.32334 0.61450 0.14905 0.12037 0.19139 -0.00848 -0.01386 0.00634 0.09577 -0.00254 0.11306 0.05659 0.06076 0.18258 0.09394 0.09601 0.11884 -0.17594 -0.16332 0.18575 0.12544 0.47093 0.19960 0.29521 0.18673 0.32283 0.40422 0.21541 0.44666 0.61659 0.32053 0.53832 0.35465 0.37100 0.27921 0.04811 0.13561 0.10540 0.37309 0.17500 0.21971 0.14512 0.03839 0.10118 0.03670 0.12949 0.02264 0.03484 0.02762 0.17249 -0.09885 -0.00196 0.11393 0.02795 -0.08386 0.12144 -0.04924 0.00636 0.10592 0.16045 0.11647 -0.13553 0.17301
S034 12.944 -0.16998 -0.08527 -0.21831 0.18373 -0.10038 0.00115 -0.06715 0.10673 0.04976 -0.11788 0.04859 -0.18705 -0.05971 -0.17435 -0.14808 0.05025 -0.20435 -0.10586 0.05657 0.00480 0.22308 0.15394 -0.08934 0.12010 0.23979 -0.02521 -0.06455 0.04543 0.02246 0.02685 0.06202 0.13408 -0.06378 0.18390 0.19080 0.07565 0.42684 0.12683 0.21694 0.29711 0.27956 0.35105 0.63248 0.47161 0.63310 0.54685 0.51518 0.62998 0.81516 0.47987 0.45599 0.42551 0.60401 0.39622 0.56177 0.72780 0.50974 0.49441 0.38056 0.47472 0.28419 0.52132 0.47596 0.38698 0.26528 0.33246 0.32800 0.24359 0.04385 -0.04159 0.08656 0.15349 -0.03852 0.00308 -0.10032 -0.03007 0.07565 -0.01763 0.06190 -0.09514 0.09531 0.08256 -0.02468 0.00989 0.02003 -0.05529 -0.12161 0.27713 0.02316 0.10493 0.13495 0.53006 -0.02493 0.12783 0.06382 0.24725 0.10767 0.09409 0.23466 0.12055 0.35953 0.34637 0.46064 0.36551 0.33659 0.47323 0.35059 0.49402 0.53972 0.49365 0.40439 0.87051 0.64868 0.84196 0.92236 0.63108 0.54135 1.05803 0.86303 0.79041 0.71063 0.67997 0.78352 0.63670 0.51124 0.63315 0.65886 0.58269 0.58726 0.49704 0.52200 0.58832 0.47985 0.51163 0.59916 0.46645 0.51180 0.32017 0.28751 0.18024 0.10076 0.28649 0.30627 0.29897 0.00406 0.29513 -0.03296 0.14813 0.14681 0.23575 -0.10051 0.22653 -0.08260 0.03876 0.06094 0.05323 0.18797 0.35972 0.44171 0.24206 0.43671 0.31316 0.33271 0.24500 0.43484 0.48002 0.34131 0.48480 0.41570 0.51139 0.31271 0.37478 0.57171 0.50935 0.37687 0.28837 0.26488 0.29633 0.35488 -0.06726 -0.00818 0.24389 0.00583 -0.00837 -0.10587 -0.03911 -0.14015 0.24383 0.00939 0.01894 0.06118 0.01810 0.09745 0.11133 -0.05048 -0.05919 0.01729 -0.02142 -0.01414 0.04847
S035 13.173 0.06448 -0.17802 0.04909 -0.07166 0.09460 0.04777 0.16932 0.15633 0.10596 0.08506 0.15165 -0.02153 0.12065 0.17312 0.01248 0.03057 -0.00021 -0.11842 0.18417 0.04789 0.19692 -0.19238 -0.09403 0.08681 0.16167 0.10165 0.05137 -0.11233 0.01982 0.13735 0.02941 0.06731 0.19923 0.12139 0.40574 0.39697 0.09014 0.22781 0.14604 0.26468 0.42786 0.43059 0.44487 0.33564 0.55588 0.35126 0.57317 0.38146 0.31156 0.45420 0.66733 0.54907 0.64618 0.42845 0.55727 0.32921 0.43874 0.44257 0.63841 0.45834 0.42263 0.50341 0.29382 0.22384 0.25498 0.11626 0.21224 0.04457 0.28687 -0.16480 0.21964 -0.02003 -0.05003 0.15876 0.09630 0.20849 0.14792 0.27329 0.08286 -0.01090 0.06052 0.18170 -0.15310 -0.00920 0.02468 -0.16214 0.05792 -0.25765 0.05164 0.25481 0.04374 0.25665 -0.02578 0.27307 0.25512 -0.00822 0.48903 0.29771 0.20799 0.24845 0.24545 0.40079 0.33099 0.37958 0.52369 0.39187 0.29956 0.55147 0.28022 0.70195 0.44522 0.75328 0.84695 0.58924 0.79499 0.65772 0.90909 0.71233 0.73708 0.92891 0.72777 0.63082 0.67434 0.72439 0.80589 0.45280 0.79135 0.73818 0.61229 0.77847 0.51072 0.47297 0.53355 0.57483 0.39799 0.34683 0.38060 0.27766 0.17852 0.41412 -0.02921 0.30032 0.30927 -0.01766 0.20541 0.16575 0.11822 -0.09903 0.26971 0.04110 0.18450 0.13150 -0.04540 0.16542 0.12631 -0.00604 0.29581 0.08636 0.11776 0.18084 0.22991 0.28420 0.31129 0.21575 0.39259 0.43850 0.56994 0.42097 0.50415 0.43101 0.41882 0.40071 0.47168 0.45135 0.44317 0.32820 0.33008 0.03331 0.17723 0.10195 0.11756 0.05403 0.19306 -0.00746 -0.03715 0.10361 -0.19891 0.27885 0.03070 -0.13163 -0.03687 -0.03381 0.04879 0.07032 -0.00086 0.05669 0.01781 0.07914 0.19241 -0.13988
S036 12.297 -0.00447 0.08609 0.09932 -0.10472 -0.21394 0.01219 -0.02050 0.20077 -0.21695 0.10919 0.26820 -0.01938 -0.16323 -0.00537 -0.03984 0.05928 -0.02131 0.18543 -0.13652 -0.10299 0.12898 -0.17279 0.07784 0.39456 0.08777 -0.06236 0.08231 0.06347 0.02434 0.16238 0.00366 0.30791 0.14474 0.17931 0.13409 0.24759 0.25336 0.24455 0.17003 0.20212 0.39483 0.20365 0.29526 0.30985 0.41493 0.29202 0.37705 0.35240 0.31752 0.35444 0.48429 0.34073 0.51570 0.54564 0.55912 0.53837 0.30399 0.49174 0.18136 0.50245 0.47135 0.18577 0.33412 0.39618 0.15211 0.17293 0.31462 0.13835 0.11475 0.13284 -0.04658 0.11295 0.22412 0.04838 0.16608 -0.02543 -0.01805 -0.07508 0.00553 0.17237 -0.07778 0.23952 0.29392 0.02135 0.12811 -0.08445 0.28133 0.24507 0.14636 0.03003 -0.21816 0.03007 -0.03081 0.01332 0.20001 0.00566 0.11360 0.13611 0.09348 0.41093 0.13560 0.22993 0.22238 0.32665 0.34809 0.08930 0.52899 0.55015 0.26157 0.38161 0.45779 0.41697 0.63923 0.26882 0.33506 0.68878 0.52524 0.66251 0.58303 0.46583 0.68557 0.60275 0.58303 0.58376 0.59738 0.66593 0.58877 0.45328 0.33996 0.47638 0.76102 0.54498 0.54081 0.53461 0.41060 0.29086 0.34257 0.09918 0.41007 0.24398 0.21840 0.21072 0.17415 0.03455 0.10412 0.07056 0.11115 0.03821 -0.05186 0.27766 0.00235 0.05203 0.01192 0.15908 0.21698 0.14486 0.08877 0.12860 0.06149 0.35848 0.19220 0.28044 0.34507 0.25746 0.40005 0.40236 0.38211 0.29685 0.12408 0.22687 0.28067 0.26263 0.21979 0.04541 0.31271 0.41160 0.12561 0.21152 0.19383 0.12077 0.16734 0.10902 0.05262 -0.12427 -0.01218 0.12472 0.05181 0.08266 0.07662 0.16994 0.22670 0.00296 -0.17824 -0.04741 0.15961 -0.26183 0.11547 -0.05633 0.04441 0.07644
S037 12.662 -0.06841 -0.04004 0.01998 0.04283 -0.09624 0.16005 -0.04537 0.07948 -0.18873 0.15734 0.16815 -0.02923 -0.03583 0.08819 0.16190 -0.26946 0.09655 -0.05725 -0.02643 -0.03886 -0.06206 -0.02085 -0.04945 0.08006 -0.14838 0.06257 -0.04044 0.00419 0.08662 -0.03740 0.05590 -0.03161 0.25411 0.23139 0.07659 0.26744 0.22036 0.27029 0.22848 0.38781 0.58260 0.68108 0.52624 0.52746 0.31070 0.72489 0.57118 0.51387 0.60123 0.49431 0.54858 0.56995 0.43070 0.67921 0.40205 0.45340 0.41459 0.56736 0.44270 0.29461 0.39981 0.39526 0.17805 0.24164 0.48713 0.12886 0.18958 0.20188 0.14052 0.29206 0.26892 0.09839 -0.08701 0.19352 0.05817 0.26289 -0.14500 0.07002 0.23576 0.03593 -0.03147 0.14847 -0.12264 0.07992 0.00637 0.03518 0.19560 0.12606 0.12500 0.20462 0.05309 0.08458 0.01176 0.14389 0.09937 0.18454 0.17936 0.42561 0.02689 0.23625 0.57758 0.35650 0.37919 0.36430 0.38339 0.26502 0.63559 0.42113 0.50596 0.51352 0.79720 1.00118 0.66838 0.71079 0.65141 0.81353 0.98711 0.71143 0.64659 0.96850 0.90575 0.76305 0.78990 0.84529 0.82875 0.64339 0.75576 0.57735 0.62536 0.40989 0.72682 0.58344 0.60006 0.42660 0.39789 0.34853 0.31100 0.15338 0.33878 0.30179 0.34960 0.26105 0.28829 0.43881 0.24714 0.21950 0.15109 0.08120 0.24534 0.27281 0.14864 0.30506 -0.16833 -0.09181 0.16816 0.12593 0.21863 0.20761 0.11386 0.20107 0.05240 0.19009 0.30759 0.45535 0.44647 0.27230 0.33660 0.34961 0.52790 0.35585 0.36615 0.51885 0.32367 0.45780 0.24833 0.18016 0.04990 0.33087 0.07020 0.00073 0.30014 0.22162 -0.03897 0.18206 0.17399 0.08629 -0.05182 0.07507 -0.00294 0.13314 -0.04482 0.02056 -0.08436 0.00614 0.17238 -0.11077 -0.18784 -0.18781 0.15147 0.00842
S038 13.161 0.01046 0.02025 0.05959 -0.09047 0.04040 -0.06978 -0.02719 -0.04783 -0.06424 0.04822 0.08604 -0.43444 -0.00236 -0.01857 0.16778 -0.05358 -0.00674 0.20411 -0.14129 -0.02308 -0.11588 -0.00426 -0.10538 0.03474 0.36525 0.19195 0.16567 0.12105 -0.15028 0.17182 0.22281 0.05505 0.30995 0.18755 0.34605 0.16263 0.05345 0.18710 0.42397 0.07990 0.16064 0.25782 0.35767 0.39957 0.44994 0.29828 0.12180 0.58831 0.38370 0.32654 0.60461 0.36413 0.45676 0.43115 0.46686 0.35342 0.49382 0.06529 0.40218 0.23477 0.49131 0.32857 0.23805 0.32377 0.30518 0.18062 0.06217 0.12016 0.19368 0.13541 0.22779 -0.17514 0.08378 0.04938 0.02281 -0.03979 0.01058 -0.29391 -0.09771 0.01950 0.03510 -0.15060 0.00598 0.26822 0.16091 0.16401 -0.00658 0.09418 -0.04588 -0.06942 0.12353 0.08951 0.26221 0.12431 0.26496 0.30210 0.25466 -0.00532 0.34227 0.32948 0.28264 0.09434 0.28564 0.36146 0.35609 0.19776 0.62031 0.43697 0.37598 0.37073 0.61854 0.41487 0.46339 0.49918 0.70694 0.64881 0.44605 0.71710 0.54907 0.48732 0.62922 0.82526 0.66251 0.55658 0.76168 0.42509 0.35310 0.38766 0.63863 0.50441 0.53700 0.46358 0.31117 0.42975 0.39836 0.15868 0.56327 0.32513 0.28088 0.25902 0.21539 0.23565 0.09064 0.22301 0.19075 0.05784 0.19249 0.04321 0.13162 0.23966 0.04152 0.08741 0.26153 -0.08664 0.05323 0.20410 0.01377 0.32660 0.06974 0.04970 0.31753 0.31229 0.12351 0.29506 0.44964 0.27414 0.60203 0.19468 0.46250 0.51785 0.40151 0.31925 0.28753 0.32634 0.29441 0.21590 0.30660 -0.03805 0.08676 -0.12237 -0.02677 0.11875 0.11214 0.32981 0.01705 0.06067 0.06782 -0.06297 -0.06902 0.10635 0.00908 -0.13933 -0.07313 -0.03040 0.03002 0.13353 -0.09743 -0.04088 0.02456 -0.20324
S039 13.451 -0.11255 -0.00102 -0.18170 0.06315 -0.04691 -0.09279 0.05622 0.09830 0.12379 -0.23382 0.04788 -0.05633 0.09783 0.05304 -0.08535 0.04760 -0.00812 -0.05364 -0.06643 0.02567 0.04075 0.08722 -0.08143 0.05781 0.06419 0.15892 -0.00514 0.06387 0.07496 0.00542 0.15852 0.29761 0.10325 0.12033 0.22100 0.18177 0.25715 0.24150 0.30695 0.32592 0.39996 0.39349 0.52625 0.43924 0.65440 0.69247 0.32872 0.62752 0.37758 0.47162 0.74823 0.55896 0.43488 0.58980 0.46129 0.46714 0.32559 0.35297 0.11426 0.43678 0.52663 0.31344 0.19348 0.22636 0.23422 0.13709 0.32343 0.30285 -0.04717 0.16475 0.25757 0.28910 0.33852 0.02839 0.44377 0.02739 -0.00866 0.11602 -0.11467 0.07559 -0.04999 -0.02284 0.10184 0.02229 0.05236 0.04856 0.27489 -0.12854 0.07099 0.04951 0.15536 0.21407 0.02761 -0.00485 0.03981 0.15286 0.38760 0.23257 0.15948 0.18748 0.13528 0.29369 0.48714 0.22783 0.55927 0.44019 0.47595 0.52176 0.70216 0.70020 0.64693 0.73997 0.64476 0.78256 0.76474 0.64296 0.77354 0.64947 0.77195 0.79784 0.85271 0.93016 0.66279 0.83747 0.64881 0.77545 0.55237 0.64004 0.68939 0.42675 0.67526 0.77050 0.50388 0.63810 0.54411 0.45448 0.23376 0.65936 0.52505 0.33896 0.09108 0.24690 0.13226 0.29956 0.27331 0.06550 0.21644 0.21539 0.25766 0.15559 -0.06591 0.20777 0.00265 0.01047 0.20580 0.37325 0.08155 0.43440 0.22022 0.14958 0.23256 0.43091 0.29167 0.42561 0.25375 0.32517 0.51965 0.47850 0.45408 0.63671 0.66909 0.44138 0.29954 0.26895 0.27813 0.20558 0.12813 0.19936 0.16451 0.06160 -0.01747 0.03768 0.09770 0.24747 0.07103 -0.07882 0.02691 -0.07187 0.08245 -0.02394 0.17278 -0.07051 0.21334 0.07392 -0.13185 0.25024 0.07930 -0.10532 0.20137 0.09355
S040 10.347 -0.06930 0.01431 -0.02835 -0.02153 0.09299 0.01109 0.00217 0.13168 -0.02176 0.10042 0.04027 0.06581 0.01352 0.05532 -0.05367 0.07600 -0.00694 -0.05946 0.22903 0.07881 -0.25332 0.00592 -0.10695 -0.02499 -0.23636 0.06075 -0.05213 0.06364 -0.02311 0.08259 0.08575 0.23619 0.25350 0.23280 0.11545 0.45031 0.01386 0.12669 0.28638 0.44918 0.29796 0.35994 0.26680 0.49640 0.56159 0.52378 0.40315 0.41915 0.40265 0.46493 0.35890 0.33726 0.42290 0.49414 0.43310 0.43183 0.40042 0.39089 0.35073 0.21764 0.40523 0.28577 0.17269 0.41183 0.09962 0.16492 0.28024 0.19441 0.14604 0.07201 0.21507 0.22513 0.05414 0.00908 -0.25077 0.08457 0.11859 -0.00104 0.10272 0.15555 -0.08318 0.18303 0.06299 0.14927 -0.12821 0.01716 -0.14467 0.07045 0.08637 0.00453 0.11801 0.23271 0.15498 0.00099 0.10846 0.42523 0.24287 0.39511 0.33563 0.23565 0.12068 0.22955 0.40664 0.17334 0.29561 0.28373 0.50119 0.57764 0.60238 0.59359 0.41569 0.39213 0.36962 0.40570 0.55369 0.70291 0.61343 0.70802 0.74875 0.66028 0.70548 0.45648 0.65935 0.70567 0.58777 0.74816 0.78787 0.44667 0.57860 0.60273 0.45062 0.61932 0.47818 0.59936 0.35850 0.39062 0.30329 0.44782 0.09806 0.36311 0.15280 0.11652 0.03668 0.09668 0.30493 0.14911 0.16131 0.31022 0.11184 0.01861 0.13447 0.05150 0.05260 -0.08214 0.23139 0.05924 0.11119 -0.03039 0.26403 0.12355 0.22565 0.40070 0.34700 0.25037 0.17426 0.68387 0.54629 0.53954 0.19519 0.43308 0.35998 0.50377 0.18835 0.28492 0.16837 0.31999 0.35144 0.34127 0.24616 0.13126 -0.19474 0.11118 0.07301 -0.00143 -0.00354 -0.06732 0.11205 0.10937 0.04925 0.14465 0.00524 0.01471 -0.01897 0.09403 -0.06488 0.18824 0.04644 0.18884 0.23043 -0.02686
S041 12.891 -0.38725 0.08685 -0.08902 -0.05570 -0.08478 -0.08287 -0.00713 -0.18074 -0.04164 -0.00722 0.02675 0.07525 -0.09536 0.01609 -0.05546 0.04512 0.20143 -0.15115 -0.00096 -0.12930 -0.04882 0.11076 0.05609 0.04192 0.04162 0.03670 -0.10808 0.28123 0.03986 0.27362 0.01210 -0.11029 -0.07355 0.08959 0.25657 0.27556 0.25260 0.16751 0.31855 0.20007 0.31369 0.39611 0.43953 0.50774 0.40880 0.27599 0.39470 0.49955 0.82395 0.53252 0.45897 0.37096 0.26515 0.27819 0.43223 0.59250 0.50644 0.44808 0.34483 0.31754 0.19248 0.44957 0.21571 0.24461 -0.04481 0.13958 0.30460 0.04873 0.01919 0.19248 0.01821 0.20369 0.04760 -0.01572 -0.00917 0.19824 0.24501 0.05305 -0.04700 0.18585 -0.00871 0.11242 0.10404 -0.23337 -0.08644 0.16348 0.11753 -0.03966 -0.00631 -0.08174 0.02602 0.26256 0.16933 0.31097 0.18038 0.34384 0.47428 0.20846 0.19582 0.32668 0.45765 0.29935 0.14717 0.37276 0.38031 0.55797 0.29763 0.59559 0.39645 0.45787 0.45987 0.86940 0.53609 0.59592 0.77321 0.65457 0.61840 0.81229 0.62788 0.58553 0.49103 0.66526 0.82712 0.76385 0.63386 0.78186 0.54306 0.56283 0.48581 0.47320 0.51006 0.49387 0.50029 0.38314 0.40126 0.37086 0.24697 0.23390 0.29475 0.22260 0.26600 0.16064 0.45005 -0.02783 -0.04764 0.15777 0.03880 0.14412 0.16034 0.27332 -0.15016 0.01895 0.08404 0.20393 0.34840 0.22421 0.07827 0.09416 0.02936 0.04265 0.21900 0.27100 0.17790 0.11207 0.48327 0.39158 0.34316 0.41630 0.59141 0.42167 0.37148 0.17609 0.31592 -0.00683 0.32025 0.23242 0.19539 0.04305 0.17597 0.12195 0.16307 0.07754 0.06513 0.16618 0.04144 -0.15898 0.16984 0.03747 -0.05292 -0.07393 0.13037 -0.05199 0.13891 -0.07517 -0.07398 0.06290 0.10465 0.07212 -0.05861 0.02084
S042 12.186 0.00041 0.13956 0.01777 0.04298 0.18103 -0.20788 0.24513 -0.20751 -0.09318 0.03423 -0.05208 0.17422 -0.12022 0.05350 0.05022 -0.00175 0.00224 0.06883 0.00133 -0.05625 0.01698 0.10038 0.03454 -0.07370 0.09849 0.01582 0.16707 -0.02446 -0.15882 -0.02007 -0.08104 0.06141 0.10367 0.28617 0.17087 0.22889 0.21723 0.28846 0.26500 0.41738 0.21439 0.52813 0.36224 0.26754 0.29808 0.35693 0.46896 0.61797 0.27377 0.46367 0.25767 0.40929 0.26105 0.37623 0.33600 0.47076 0.52944 0.35032 0.24266 0.42323 0.13459 0.14126 0.34420 0.03906 0.30380 0.13291 0.20268 0.25697 0.01813 0.08844 0.10241 0.22487 -0.00773 0.04370 0.11909 -0.01281 0.04923 -0.10638 0.22643 -0.06726 -0.06046 0.00179 0.24853 -0.16036 0.15154 0.11473 -0.00221 -0.11640 0.14913 -0.02009 0.26293 -0.07463 0.07869 0.07246 -0.03463 0.26436 0.23506 0.21509 0.01475 0.34152 0.45917 0.14231 0.48912 0.39485 0.17944 0.40964 0.45471 0.34001 0.41665 0.52133 0.47104 0.60225 0.64608 0.60905 0.49320 0.58972 0.62051 0.73134 0.50823 0.65970 0.48911 0.63887 0.57752 0.46380 0.39825 0.39513 0.51681 0.56908 0.57751 0.52102 0.32756 0.30305 0.49840 0.51682 0.47380 0.33047 0.43730 0.44206 0.31684 0.33190 0.14811 0.04468 0.16957 0.09633 0.24895 0.27684 0.05729 0.22115 0.15407 -0.04687 -0.06501 0.02227 0.12777 0.09716 0.14308 0.08385 0.06777 0.28712 0.13882 0.27177 0.13778 0.31592 0.25808 0.29162 0.18574 0.27182 0.52538 0.40121 0.36125 0.10295 0.26413 0.42524 0.31048 0.38019 0.27037 0.26252 0.09867 0.05388 -0.02832 0.13953 -0.04184 0.01804 -0.12582 0.00587 -0.08541 0.12248 0.16247 -0.25077 -0.06583 -0.04923 0.15303 -0.17215 0.13460 -0.01135 0.01291 -0.01749 -0.04760 0.20175 -0.07026 0.07719
S043 11.511 -0.04669 -0.06516 0.23711 0.08088 0.05594 0.12508 -0.13384 0.17469 -0.10347 -0.10950 -0.07873 0.09418 -0.00613 -0.02891 -0.05242 -0.06916 -0.11921 0.06374 0.11391 0.07674 -0.10019 0.07852 -0.06491 0.05886 0.12019 0.09641 0.07911 0.12733 0.17095 0.04541 0.02409 0.06497 0.18983 0.26467 0.00421 0.03397 0.32111 0.10071 0.31220 0.25085 0.44349 0.26518 0.45875 0.42876 0.39729 0.19633 0.17157 0.39086 0.41394 0.27593 0.36334 0.43290 0.46546 0.45318 0.46468 0.31373 0.30763 0.46606 0.26035 0.38975 0.46264 0.16331 0.27249 0.45238 0.27586 0.17843 0.00425 0.10785 0.18462 0.22328 0.17365 0.33382 0.06542 0.11507 0.00143 0.07149 0.13623 0.04320 0.09551 -0.15745 -0.11756 -0.05954 -0.11200 0.17698 0.07331 -0.00853 -0.03087 0.10291 0.31912 0.03226 0.06819 0.11567 0.09625 0.06117 0.13742 0.10836 0.47334 0.03759 0.12044 0.04784 0.44795 0.23388 0.21194 0.34163 0.52675 0.45100 0.44443 0.51213 0.54564 0.37128 0.44603 0.46179 0.44815 0.43289 0.73092 0.57824 0.63888 0.67519 0.67273 0.54361 0.51641 0.57010 0.67168 0.59034 0.53739 0.57207 0.80819 0.63023 0.54888 0.45971 0.38856 0.39296 0.38511 0.22011 0.16779 0.31710 0.31639 0.20517 0.39380 0.06588 0.18785 0.32515 0.17127 0.31283 0.36761 0.13573 0.16162 0.02547 -0.05843 0.12542 0.24001 0.17647 0.18399 0.02496 -0.02242 0.20544 -0.02205 0.22589 0.15327 0.38641 0.23785 0.15454 0.11393 0.27713 0.38157 0.33556 0.45168 0.36767 0.37554 0.43040 0.25350 0.44904 0.30939 0.46321 0.45687 0.09196 0.12519 0.22258 0.20129 0.05389 0.11227 0.24662 0.20189 -0.12999 -0.05049 0.02871 -0.03197 -0.00676 0.03178 -0.10748 -0.22143 -0.06568 0.00563 -0.03108 -0.20928 -0.10533 -0.10045 0.04222 0.10923 0.11338
S044 12.826 -0.00860 -0.10185 0.07807 0.07735 0.05175 -0.18569 -0.18300 -0.01501 0.10746 0.27471 -0.04461 0.05583 -0.01791 0.17382 -0.03260 0.04281 -0.09069 0.00062 0.05754 0.09398 0.00160 0.18923 0.05456 -0.01780 0.17727 -0.15091 -0.00749 0.07710 0.19190 -0.00704 0.06906 0.04661 0.14995 0.33733 0.24802 0.17098 0.23640 0.07655 0.38890 0.34661 0.27718 0.40110 0.31808 0.36090 0.54413 0.35017 0.45281 0.62652 0.47371 0.61526 0.67186 0.56192 0.32849 0.29951 0.54729 0.40318 0.48096 0.43369 0.23519 0.21954 0.41200 0.30789 0.21733 0.07414 0.22024 0.26477 0.23507 0.13149 0.19595 -0.12728 0.20437 0.04822 -0.08826 0.01850 0.13526 0.01665 -0.07827 -0.13193 0.09199 -0.02774 -0.25446 -0.08236 0.13386 -0.07339 0.12961 0.06486 0.05990 0.00121 0.02481 0.05143 0.02256 0.15864 0.00420 0.03401 0.08286 0.41752 0.30983 0.28777 0.14621 0.30683 0.26265 0.30001 0.25492 0.43398 0.33578 0.36774 0.51748 0.36614 0.56936 0.60177 0.47698 0.56905 0.62373 0.68027 0.69122 0.73309 0.95693 0.63532 0.56086 0.75739 0.89565 0.69592 0.66151 0.74774 0.63466 0.75540 0.49004 0.57603 0.59674 0.67780 0.53390 0.52613 0.57385 0.33820 0.51394 0.47086 0.23622 0.61188 0.39035 0.27087 0.35284 0.38324 0.21112 0.15240 0.07606 0.16213 0.16272 0.06777 0.20658 0.23923 0.13670 -0.08332 -0.01973 0.03833 0.08975 0.22422 0.03398 0.11856 0.29411 0.16271 0.27754 0.23960 0.43767 0.39844 0.47104 0.31174 0.42054 0.46513 0.40584 0.55702 0.35016 0.47541 0.21611 0.48159 0.38699 0.10299 0.21005 0.23502 0.16871 0.10743 0.05580 0.23679 0.00409 0.12952 0.01691 0.20042 -0.04823 -0.03339 0.26934 0.08841 0.13129 -0.02473 0.01556 -0.17125 0.05158 0.02468 0.11981 0.21538 -0.00501 0.01082
S045 12.837 0.03575 0.10211 0.05487 -0.20544 0.00632 -0.06554 0.06619 0.12738 -0.01150 0.10827 0.03154 -0.10257 -0.23061 0.12015 -0.04083 -0.07367 -0.04609 -0.09467 -0.00184 0.03252 0.03962 0.14267 -0.02525 0.12754 -0.00276 0.15925 0.02293 0.22375 0.05403 0.04701 0.15034 0.08588 0.13682 0.05233 0.25394 0.31576 0.22744 0.34259 0.35493 0.30210 0.39718 0.40370 0.40704 0.30034 0.42574 0.34080 0.52467 0.36809 0.41287 0.57463 0.58102 0.27704 0.57276 0.46470 0.36926 0.34522 0.44545 0.40908 0.28478 0.46997 0.35336 0.37171 0.29324 0.19229 0.18422 0.20643 0.19243 0.15734 0.28635 0.23956 0.20005 0.04735 -0.10135 0.19415 0.25796 0.20515 -0.05038 -0.08153 0.00544 -0.15809 -0.04245 0.18326 -0.01834 -0.00269 0.18212 -0.03355 0.22065 0.26242 -0.02574 -0.07098 0.18834 -0.03355 -0.05257 0.16577 0.24227 0.20079 0.06366 0.20304 0.29505 0.15848 0.18744 0.54651 0.46404 0.53433 0.30177 0.40684 0.45972 0.54077 0.67452 0.54327 0.73175 0.72947 0.72358 0.71649 0.57880 0.74570 0.77791 0.71647 0.66094 0.86734 0.50763 0.53342 0.65905 0.76688 0.72395 0.61142 0.71199 0.54779 0.63560 0.67536 0.60507 0.75122 0.45668 0.44896 0.30151 0.39811 0.42109 0.48964 0.22612 0.27869 0.32015 0.27625 0.19363 0.18787 0.10176 0.04811 0.07725 0.16515 0.09070 0.22592 0.13123 0.12937 0.13781 0.19111 0.11552 0.18667 0.18589 0.24577 0.29403 0.35288 0.16486 0.26613 0.37872 0.42270 0.45785 0.35808 0.25510 0.36249 0.44587 0.45479 0.20628 0.39366 0.43104 0.17548 0.49167 0.08991 0.37254 0.15675 0.06817 0.07914 0.11001 0.07600 -0.00351 0.08895 0.00342 -0.03998 -0.12007 0.02129 -0.07682 0.13871 -0.13089 -0.12749 0.07067 0.10451 -0.13373 -0.10901 0.29587 0.15930 -0.20562 -0.01112
S046 11.597 0.09535 -0.01827 -0.03368 -0.04117 -0.15616 -0.13559 0.05689 -0.07725 0.03094 0.02818 -0.16988 -0.10506 0.24365 0.01135 -0.06451 0.09731 0.15080 0.00752 -0.13836 -0.04015 0.02752 -0.03110 0.08856 -0.06706 -0.13273 0.00111 -0.02433 -0.00262 -0.17548 0.16356 0.13203 0.24585 0.15202 0.02549 0.35711 0.00857 0.21885 0.06706 0.23393 0.20287 0.41738 0.29353 0.31873 0.26249 0.33701 0.35708 0.48181 0.34265 0.42610 0.26234 0.33822 0.59799 0.33497 0.20972 0.44087 0.31618 0.31009 0.20326 0.67390 0.32984 0.10510 0.39901 0.34147 0.15847 0.11247 0.29257 0.20003 -0.12025 0.24415 0.01997 0.16278 0.20055 -0.00523 0.15762 -0.04455 -0.08976 -0.00026 0.08789 0.03938 -0.01088 0.24245 0.01344 0.04182 0.04976 0.07693 -0.24903 0.13903 0.06148 0.06983 0.11809 0.05041 0.08219 0.02059 0.09711 0.24862 0.08441 0.04781 0.10037 0.18825 0.04026 0.27242 0.40502 0.38449 0.14015 0.48553 0.39645 0.44776 0.46321 0.44627 0.54555 0.60980 0.29961 0.66759 0.54045 0.58495 0.39087 0.51331 0.48638 0.58763 0.47256 0.58885 0.49951 0.58593 0.41045 0.48064 0.59639 0.54102 0.55511 0.52383 0.54266 0.62202 0.35426 0.42791 0.46378 0.34722 0.30584 0.42395 0.39403 0.30824 0.23434 0.10901 0.24288 0.35798 0.04946 0.16945 0.10464 0.07385 0.21402 0.25893 0.07316 0.16118 0.20968 -0.07007 -0.00004 -0.10002 0.12998 0.10592 0.19747 0.14480 0.19544 0.30108 0.35530 0.24813 0.19496 0.40416 0.10157 0.33304 0.39544 0.48916 0.35196 0.14595 0.31595 0.18177 0.30541 0.11287 0.07105 -0.01352 0.21041 0.01642 0.12476 0.07497 -0.03887 -0.06427 -0.06388 -0.01719 0.05927 -0.16746 0.09586 0.20493 0.08470 0.03805 0.13574 -0.02370 -0.02518 0.14066 0.08306 0.03707 -0.13002 0.04543 0.05585
S047 12.536 0.10876 0.00351 -0.18180 0.01298 0.03227 0.13120 -0.06131 -0.05021 -0.01251 0.15681 0.02934 -0.16729 0.02831 -0.05441 -0.16100 -0.06386 0.23791 0.11236 0.00239 0.00052 0.06529 0.07638 0.00682 0.12907 0.16574 0.08950 0.01009 0.02258 -0.18143 0.27569 0.09723 0.04626 0.08832 0.07708 0.37637 0.01735 0.20225 0.21561 0.23844 0.24657 -0.00754 0.25988 0.28051 0.38461 0.48551 0.21534 0.26641 0.35498 0.52592 0.58793 0.40772 0.46959 0.30280 0.38854 0.48994 0.28037 0.48668 0.42859 0.44600 0.28853 0.23565 0.29247 0.16989 0.21953 0.29465 0.09884 0.27275 -0.07204 0.01397 0.03261 0.09745 0.15247 -0.08710 0.02408 -0.13757 -0.00415 0.00243 0.19260 0.04308 0.12292 0.06888 0.06708 -0.09346 0.15420 -0.05462 0.24978 -0.02989 0.19518 -0.01657 0.00489 0.16621 0.06178 -0.00331 0.12425 -0.01237 -0.01991 0.26589 0.33023 0.16379 0.46073 0.24877 0.40804 0.33462 0.20226 0.57805 0.48153 0.28399 0.49187 0.42770 0.52110 0.24257 0.36415 0.54563 0.43205 0.49427 0.46266 0.63514 0.66891 0.53034 0.53674 0.60117 0.80626 0.61346 0.84668 0.43805 0.46066 0.41240 0.56915 0.51203 0.43437 0.54604 0.57055 0.20854 0.33592 0.49067 0.31246 0.26593 0.38532 0.07559 0.15808 0.25600 0.17649 0.38523 0.14207 0.21594 0.06795 0.28691 0.15849 0.02494 -0.17521 0.18769 0.10341 0.08870 0.00333 0.05522 0.29675 0.00248 0.22681 0.07659 0.11045 0.15745 0.11623 0.30152 0.41616 0.30098 0.35933 0.21376 0.34802 0.53755 0.30805 0.28880 0.26986 0.27878 0.04794 0.28417 0.06254 -0.00254 0.16962 0.09572 0.16171 0.25536 -0.03882 -0.09566 0.07886 0.05969 -0.14347 0.00913 0.08073 -0.20311 0.18103 0.13599 -0.01536 0.11288 0.19805 0.00918 -0.02835 -0.09505 -0.02389 0.05884 -0.13049
S048 12.765 -0.29711 0.14440 0.09749 -0.02046 0.04982 0.08050 -0.24071 0.01542 -0.11001 0.07008 0.03763 0.06650 -0.02907 -0.19106 -0.07384 -0.00360 -0.01265 -0.11969 0.18708 -0.01758 0.06116 -0.07073 0.08919 0.10927 -0.01204 -0.07825 0.02780 0.25382 -0.09389 0.23558 0.29732 0.06110 -0.10006 0.12458 0.06780 0.06749 0.19346 0.47661 0.23176 0.21581 0.08176 0.42080 0.28122 0.36343 0.33649 0.33340 0.46039 0.40912 0.46395 0.44201 0.54759 0.48434 0.39275 0.54993 0.39283 0.46406 0.40027 0.14811 0.45085 0.35712 0.24607 0.29217 0.20357 0.20271 0.13380 0.34658 0.14776 0.10488 -0.01258 0.22530 0.07257 0.02952 0.00363 -0.11179 0.09360 0.16083 0.02530 0.20693 0.08316 0.03281 -0.00175 -0.04393 0.11187 -0.12278 -0.00403 0.15845 -0.14362 -0.08369 0.03167 0.09037 0.11101 0.01967 0.40343 0.01031 0.21273 0.09729 0.07327 0.21799 0.29880 0.07788 0.15458 0.29733 0.32696 0.26201 0.33306 0.31239 0.44304 0.51977 0.32605 0.32555 0.36421 0.61325 0.34300 0.46113 0.56055 0.60475 0.65439 0.39566 0.68724 0.55964 0.62495 0.61961 0.57872 0.62159 0.51053 0.61921 0.56911 0.37313 0.37824 0.47164 0.23985 0.52081 0.56500 0.24244 0.52924 0.32026 0.31511 0.22433 0.36245 0.27192 0.12930 0.02820 -0.00327 0.27872 0.24971 0.10802 -0.02632 -0.01909 0.06015 0.16590 0.07457 0.08712 -0.04525 0.14569 0.00895 0.18223 0.21691 0.07252 0.22723 0.14753 0.08288 0.13160 0.30967 0.28739 0.32214 0.23540 0.46988 0.35285 0.50246 0.26986 -0.03799 0.33084 0.08762 0.27630 0.20531 0.38238 0.29514 0.11711 0.15429 0.11940 0.07004 0.19293 -0.11157 0.10314 -0.19068 -0.00417 0.02571 0.14838 -0.10632 -0.04200 0.17299 0.02273 0.01289 -0.03450 -0.06327 0.19942 0.02201 -0.08003 0.04740 -0.07265
S049 11.844 0.14099 -0.04517 0.19750 -0.13088 0.04037 -0.04382 0.01548 0.09629 -0.17896 0.00886 -0.22185 -0.10086 -0.02990 0.13504 -0.02385 0.02646 -0.08579 -0.00664 -0.04205 0.19549 0.08337 -0.00483 0.01026 0.02477 0.01878 -0.20329 -0.05916 -0.01551 0.15766 0.04194 0.09648 0.05319 0.11600 0.22900 0.39393 0.38279 0.35672 0.35941 0.22194 0.26336 0.33696 0.61532 0.36557 0.28562 0.42386 0.41997 0.53568 0.54095 0.49585 0.50583 0.44803 0.49355 0.66616 0.40693 0.46615 0.54607 0.43824 0.43919 0.48348 0.57195 0.33360 0.39617 0.38700 0.09256 0.20051 0.23342 0.24745 0.13663 0.16176 0.00941 0.18896 -0.08971 0.07899 0.20893 0.15752 0.01078 0.23815 -0.18095 -0.17175 0.23469 -0.05222 -0.00311 -0.03541 0.11868 0.06167 -0.14329 0.06345 0.09331 0.06137 -0.07264 0.19047 0.22532 0.14551 0.05369 0.06737 0.21542 0.14509 0.20766 0.37411 0.39352 0.44420 0.38439 0.33850 0.37438 0.51110 0.34563 0.57954 0.76877 0.59893 0.74487 0.62049 0.71291 0.60073 0.72571 0.72344 0.63053 0.96555 0.73129 0.73999 0.74414 0.52081 0.74967 0.61941 0.89581 0.76584 0.66672 0.67150 0.62604 0.76285 0.64713 0.46715 0.41578 0.53112 0.44682 0.42219 0.38142 0.45538 0.45920 0.24826 0.13155 0.17462 0.42647 0.42616 0.33180 0.09897 -0.05785 0.00500 0.04083 0.15264 0.20814 0.22649 0.16028 0.05195 0.02159 0.20194 0.21030 0.26527 -0.02073 0.27374 0.27912 0.10215 0.24159 0.32020 0.30264 0.44712 0.54033 0.36953 0.54685 0.48739 0.38334 0.29794 0.41375 0.47796 0.39086 0.38248 0.13046 0.34279 0.18863 0.16405 -0.04080 0.06183 0.00966 0.06438 0.13682 0.00634 -0.06101 -0.02516 -0.18897 -0.11159 -0.01280 0.08100 0.04453 0.10392 -0.15618 0.16455 0.13777 -0.13882 -0.14655 0.03219 0.06088
